Solutions:
[[7 1 85 1 0 1 4 27]
 [2 1 43 3 2 1 2 23]
 [2 1 1 1 1 1 4 16]
 [2 1 1 1 6 1 4 8]
 [2 1 43 3 2 1 2 26]
 [7 1 1 1 3 0 4 22]
 [11 1 1 3 0 1 4 8]
 [7 1 1 1 1 0 4 22]
 [2 1 1 3 3 1 4 27]
 [7 1 85 1 0 1 4 35]
 [2 1 43 3 2 1 2 91]
 [1 1 1 3 1 1 4 23]
 [6 1 1 1 1 1 4 8]
 [7 1 37 1 6 1 4 8]
 [2 1 43 1 2 1 2 91]
 [7 1 95 3 1 1 4 16]
 [7 1 66 1 3 1 4 27]
 [2 1 1 3 6 1 5 26]
 [7 3 55 1 0 0 5 8]
 [7 1 37 1 1 0 4 16]
 [2 3 55 1 6 1 4 35]
 [6 0 100 3 1 1 4 8]
 [2 3 55 1 0 0 4 40]
 [7 1 85 1 6 1 4 35]
 [1 1 1 1 1 1 4 40]
 [7 1 95 3 2 1 4 27]
 [2 1 1 1 3 0 4 23]
 [2 3 55 1 4 1 4 35]
 [2 1 18 3 2 1 2 91]
 [7 2 87 1 1 1 4 8]
 [2 3 55 1 3 1 4 23]
 [7 2 43 3 1 1 4 8]
 [7 3 55 1 5 0 5 8]
 [2 1 1 3 6 1 4 40]
 [6 1 1 1 6 1 4 8]
 [2 1 18 3 2 1 2 35]
 [2 3 34 1 1 1 4 40]
 [2 3 55 1 6 0 5 26]
 [7 2 55 1 6 1 4 40]
 [7 1 95 3 2 0 4 16]
 [7 2 87 1 6 0 4 10]
 [7 2 96 3 1 1 4 8]
 [7 1 55 1 0 1 4 8]
 [2 3 55 1 4 1 5 26]
 [7 1 66 1 0 1 4 27]
 [11 1 1 3 0 0 4 8]
 [2 3 55 1 6 1 4 22]
 [6 1 100 3 1 1 4 8]
 [7 2 69 1 2 1 5 26]
 [7 3 55 1 1 1 5 16]
 [7 3 55 1 3 1 4 40]
 [7 2 69 1 2 1 2 91]
 [7 2 96 3 1 1 4 22]
 [7 2 100 1 6 0 2 91]
 [7 2 100 1 2 1 2 91]
 [2 3 55 1 6 1 4 40]
 [2 3 34 1 1 1 4 35]
 [7 3 37 1 1 1 5 16]
 [7 3 55 1 6 0 5 26]
 [7 2 69 3 0 1 2 91]
 [7 2 100 1 6 0 5 26]
 [7 2 100 1 6 0 4 10]
 [7 2 55 1 1 0 5 16]
 [7 2 87 3 6 1 4 29]
 [7 2 100 2 0 0 4 22]
 [7 2 55 1 6 1 4 23]
 [7 3 55 1 0 1 4 8]
 [7 1 85 1 6 1 4 26]
 [7 1 85 1 0 0 4 22]
 [7 2 69 1 2 1 4 40]
 [7 3 55 1 1 0 4 27]
 [7 3 95 1 0 1 4 40]
 [7 1 95 3 1 0 4 23]
 [2 1 43 3 2 1 2 8]
 [2 1 18 3 2 1 2 22]
 [7 2 100 1 0 0 4 35]
 [7 2 69 1 6 1 4 8]
 [2 1 1 1 1 1 4 23]
 [7 1 1 1 6 1 4 23]
 [2 1 43 1 2 1 2 35]
 [2 1 1 3 6 1 4 27]
 [7 2 100 2 6 0 4 22]
 [7 3 55 1 1 1 5 23]
 [7 2 69 3 1 1 4 35]
 [7 1 1 1 3 0 4 23]
 [7 2 100 1 2 1 4 27]
 [7 2 69 1 2 1 4 35]
 [7 3 55 1 0 0 4 23]
 [1 1 1 1 1 0 4 22]
 [2 1 1 3 1 1 4 23]
 [2 2 100 1 3 1 4 23]
 [7 2 69 3 1 1 4 8]
 [7 2 87 3 6 1 4 40]
 [7 2 100 2 0 0 4 26]
 [7 1 95 3 1 1 4 35]
 [2 3 55 1 1 1 4 35]
 [2 1 1 3 6 1 4 35]
 [7 3 55 1 3 1 4 27]
 [7 3 69 1 1 1 4 23]
 [7 2 100 2 6 0 4 23]]
Objective functions results:
[[ 0.07091354  0.23840647 31.        ]
 [ 0.06110661  0.29330065 47.        ]
 [ 0.09714795  0.62145969  5.        ]
 [ 0.09714795  0.62145969  5.        ]
 [ 0.06110661  0.29330065 47.        ]
 [ 0.12682308  0.40343915  9.        ]
 [ 0.09717334  0.43868659  9.        ]
 [ 0.12682308  0.40343915  9.        ]
 [ 0.08767825  0.51034858  7.        ]
 [ 0.07052021  0.27544351 35.        ]
 [ 0.06615711  0.30310458 43.        ]
 [ 0.09594103  0.47860255  9.        ]
 [ 0.08766651  0.42125739 11.        ]
 [ 0.08003163  0.31193589 13.        ]
 [ 0.06615711  0.30310458 43.        ]
 [ 0.07106209  0.23895114 29.        ]
 [ 0.07362527  0.27026922 27.        ]
 [ 0.08231209  0.49183007  9.        ]
 [ 0.07353282  0.34080299 19.        ]
 [ 0.08003163  0.31193589 13.        ]
 [ 0.06994499  0.40958606 23.        ]
 [ 0.07128911  0.36679116 25.        ]
 [ 0.06489449  0.36791939 25.        ]
 [ 0.07052021  0.27544351 35.        ]
 [ 0.09594103  0.47860255  9.        ]
 [ 0.07091354  0.23840647 31.        ]
 [ 0.08767825  0.51034858  7.        ]
 [ 0.06994499  0.40958606 23.        ]
 [ 0.07265671  0.4003268  21.        ]
 [ 0.07574242  0.30376595 15.        ]
 [ 0.0754597   0.42864924 15.        ]
 [ 0.07542676  0.30376595 17.        ]
 [ 0.07353282  0.34080299 19.        ]
 [ 0.08231209  0.49183007  9.        ]
 [ 0.08766651  0.42125739 11.        ]
 [ 0.07265671  0.4003268  21.        ]
 [ 0.06474594  0.36737473 31.        ]
 [ 0.07048228  0.38643791 23.        ]
 [ 0.07241795  0.27081388 27.        ]
 [ 0.07106209  0.23895114 29.        ]
 [ 0.07559387  0.30322129 19.        ]
 [ 0.07574242  0.30376595 15.        ]
 [ 0.07542676  0.30376595 17.        ]
 [ 0.07048228  0.38643791 23.        ]
 [ 0.07362527  0.27026922 27.        ]
 [ 0.09717334  0.43868659  9.        ]
 [ 0.0754597   0.42864924 15.        ]
 [ 0.07128911  0.36679116 25.        ]
 [ 0.07241795  0.27081388 27.        ]
 [ 0.07067255  0.30839558 27.        ]
 [ 0.07052401  0.30785092 29.        ]
 [ 0.07286358  0.27190321 23.        ]
 [ 0.07288215  0.27135854 23.        ]
 [ 0.07317924  0.27190321 21.        ]
 [ 0.07317924  0.27190321 21.        ]
 [ 0.06489449  0.36791939 25.        ]
 [ 0.06474594  0.36737473 31.        ]
 [ 0.07067255  0.30839558 27.        ]
 [ 0.07052401  0.30785092 29.        ]
 [ 0.07286358  0.27190321 23.        ]
 [ 0.07273361  0.27081388 25.        ]
 [ 0.07559387  0.30322129 19.        ]
 [ 0.07256649  0.27135854 25.        ]
 [ 0.07273361  0.27081388 25.        ]
 [ 0.07288215  0.27135854 23.        ]
 [ 0.07256649  0.27135854 25.        ]
 [ 0.07542676  0.30376595 17.        ]
 [ 0.07091354  0.23840647 31.        ]
 [ 0.07106209  0.23895114 29.        ]
 [ 0.07241795  0.27081388 27.        ]
 [ 0.07241795  0.27081388 27.        ]
 [ 0.07241795  0.27081388 27.        ]
 [ 0.07106209  0.23895114 29.        ]
 [ 0.06110661  0.29330065 47.        ]
 [ 0.07265671  0.4003268  21.        ]
 [ 0.07273361  0.27081388 25.        ]
 [ 0.07542676  0.30376595 17.        ]
 [ 0.08767825  0.51034858  7.        ]
 [ 0.12682308  0.40343915  9.        ]
 [ 0.06110661  0.29330065 47.        ]
 [ 0.08767825  0.51034858  7.        ]
 [ 0.07288215  0.27135854 23.        ]
 [ 0.07052401  0.30785092 29.        ]
 [ 0.07241795  0.27081388 27.        ]
 [ 0.12682308  0.40343915  9.        ]
 [ 0.07273361  0.27081388 25.        ]
 [ 0.07241795  0.27081388 27.        ]
 [ 0.07256649  0.27135854 25.        ]
 [ 0.09594103  0.47860255  9.        ]
 [ 0.08767825  0.51034858  7.        ]
 [ 0.0754597   0.42864924 15.        ]
 [ 0.07542676  0.30376595 17.        ]
 [ 0.07273361  0.27081388 25.        ]
 [ 0.07273361  0.27081388 25.        ]
 [ 0.07052021  0.27544351 35.        ]
 [ 0.06994499  0.40958606 23.        ]
 [ 0.08231209  0.49183007  9.        ]
 [ 0.07241795  0.27081388 27.        ]
 [ 0.07256649  0.27135854 25.        ]
 [ 0.07288215  0.27135854 23.        ]]
mean Objective 1 : 0.07703445062744631mean Objective 2 : 0.3417814347961407mean Objective 3 : 22.06