Solutions:
[[4 2 39 3 0 1 2 0]
 [6 2 15 2 0 0 2 64]
 [3 2 31 3 4 0 3 35]
 [6 2 15 2 0 0 2 30]
 [6 0 2 1 5 1 0 75]
 [4 2 39 3 0 0 3 8]
 [12 2 15 1 4 0 3 35]
 [6 2 20 2 0 1 2 8]
 [4 2 36 3 0 0 2 75]
 [3 2 31 2 2 0 2 44]
 [6 2 20 2 4 1 3 24]
 [4 2 31 3 3 1 3 30]
 [4 2 36 3 0 0 2 57]
 [6 2 31 2 2 1 2 0]
 [4 2 31 1 6 0 3 30]
 [6 2 31 2 0 0 2 48]
 [12 2 15 2 0 0 2 70]
 [11 2 15 3 0 0 3 30]
 [3 2 15 3 2 1 2 24]
 [6 2 31 2 2 1 2 35]
 [6 2 15 2 4 1 3 75]
 [4 2 39 2 2 1 2 70]
 [11 2 15 2 0 0 2 70]
 [6 2 15 3 0 1 3 8]
 [6 2 15 2 0 0 3 24]
 [4 2 39 2 2 1 3 75]
 [4 2 36 3 2 1 2 69]
 [3 2 31 3 3 1 2 0]
 [6 2 15 3 2 1 3 98]
 [4 2 31 2 2 0 3 24]
 [3 2 15 2 0 0 2 0]
 [11 2 15 1 6 0 2 35]
 [4 2 31 3 4 0 2 24]
 [4 2 36 1 0 1 2 0]
 [6 2 31 2 2 0 2 44]
 [4 2 39 3 1 0 2 35]
 [6 2 31 2 2 1 2 44]
 [4 2 31 2 4 1 3 8]
 [4 2 27 0 0 1 2 0]
 [6 2 20 2 6 1 2 70]
 [11 2 27 0 0 1 2 13]
 [11 2 15 2 4 1 2 24]
 [6 2 15 3 0 0 2 0]
 [4 2 31 3 0 1 3 30]
 [3 2 31 3 3 0 3 35]
 [6 2 31 3 3 1 2 0]
 [3 2 15 3 0 0 2 30]
 [3 2 31 2 2 1 2 24]
 [4 2 36 3 2 1 3 24]
 [6 2 27 2 0 1 3 30]
 [6 2 15 2 0 1 2 0]
 [6 2 20 3 4 0 3 35]
 [3 2 27 2 0 0 2 0]
 [4 2 39 2 2 1 2 24]
 [6 2 31 2 4 0 3 48]
 [6 2 31 2 4 1 2 64]
 [3 2 15 3 2 1 2 70]
 [12 2 15 3 0 0 2 0]
 [3 2 31 2 4 0 2 64]
 [3 2 31 3 3 1 3 24]
 [3 2 15 1 0 0 3 35]
 [6 2 15 2 0 1 3 0]
 [4 2 27 0 0 1 3 35]
 [11 2 15 3 0 0 2 30]
 [4 2 31 2 4 0 2 8]
 [3 2 15 2 0 0 3 24]
 [12 2 15 2 2 1 2 69]
 [4 2 39 2 0 0 2 30]
 [4 2 39 3 3 0 2 8]
 [4 2 31 3 3 0 3 35]
 [3 2 31 3 3 0 3 8]
 [12 2 15 3 0 0 3 30]
 [3 2 15 3 2 0 2 44]
 [6 2 15 2 0 0 2 35]
 [4 2 31 2 2 0 2 24]
 [6 2 31 2 2 0 2 30]
 [3 2 15 1 0 1 3 24]
 [12 2 15 3 0 0 2 30]
 [6 2 31 1 0 0 2 30]
 [4 2 39 3 0 1 3 30]
 [4 2 31 2 2 0 3 30]
 [4 2 27 0 4 0 3 35]
 [3 2 31 3 0 0 3 35]
 [6 2 15 1 6 0 2 0]
 [4 2 31 1 4 0 2 57]
 [4 2 36 3 0 0 3 35]
 [6 2 15 1 6 0 2 30]
 [4 2 36 3 4 1 2 35]
 [6 2 15 2 4 1 3 24]
 [4 2 39 3 0 0 2 24]
 [6 2 15 3 4 0 3 35]
 [6 2 15 3 2 1 3 64]
 [4 2 31 1 0 0 3 35]
 [3 2 31 3 0 1 2 0]
 [4 2 39 1 6 1 2 70]
 [4 2 31 1 2 1 2 44]
 [3 2 31 3 0 1 3 70]
 [6 2 31 2 2 1 2 30]
 [4 2 39 3 0 0 2 35]
 [4 2 27 0 0 1 2 35]]
Objective functions results:
[[0.01413103 0.02303713 0.24107143]
 [0.00573867 0.0236371  0.47321429]
 [0.01055592 0.01502503 0.28571429]
 [0.00573867 0.0236371  0.47321429]
 [0.01025007 0.03364756 0.        ]
 [0.01413103 0.02303713 0.24107143]
 [0.00651266 0.02449621 0.41964286]
 [0.00899693 0.02821278 0.40178571]
 [0.01273047 0.01946063 0.25892857]
 [0.01055592 0.01502503 0.28571429]
 [0.00899693 0.02821278 0.40178571]
 [0.01118249 0.01774242 0.26785714]
 [0.01273047 0.01946063 0.25892857]
 [0.00930279 0.02807271 0.35714286]
 [0.01118249 0.01774242 0.26785714]
 [0.00930279 0.02807271 0.35714286]
 [0.00651266 0.02449621 0.41964286]
 [0.00915536 0.02621442 0.41071429]
 [0.00915536 0.02621442 0.41071429]
 [0.00930279 0.02807271 0.35714286]
 [0.00573867 0.0236371  0.47321429]
 [0.01413103 0.02303713 0.24107143]
 [0.00915536 0.02621442 0.41071429]
 [0.00573867 0.0236371  0.47321429]
 [0.00573867 0.0236371  0.47321429]
 [0.01413103 0.02303713 0.24107143]
 [0.01273047 0.01946063 0.25892857]
 [0.01055592 0.01502503 0.28571429]
 [0.00573867 0.0236371  0.47321429]
 [0.01118249 0.01774242 0.26785714]
 [0.00915536 0.02621442 0.41071429]
 [0.00915536 0.02621442 0.41071429]
 [0.01118249 0.01774242 0.26785714]
 [0.01273047 0.01946063 0.25892857]
 [0.00930279 0.02807271 0.35714286]
 [0.01413103 0.02303713 0.24107143]
 [0.00930279 0.02807271 0.35714286]
 [0.01118249 0.01774242 0.26785714]
 [0.01118249 0.01774242 0.26785714]
 [0.00899693 0.02821278 0.40178571]
 [0.01055592 0.01502503 0.28571429]
 [0.00915536 0.02621442 0.41071429]
 [0.00573867 0.0236371  0.47321429]
 [0.01118249 0.01774242 0.26785714]
 [0.01055592 0.01502503 0.28571429]
 [0.00930279 0.02807271 0.35714286]
 [0.00915536 0.02621442 0.41071429]
 [0.01055592 0.01502503 0.28571429]
 [0.01273047 0.01946063 0.25892857]
 [0.00930279 0.02807271 0.35714286]
 [0.00573867 0.0236371  0.47321429]
 [0.00899693 0.02821278 0.40178571]
 [0.01055592 0.01502503 0.28571429]
 [0.01413103 0.02303713 0.24107143]
 [0.00930279 0.02807271 0.35714286]
 [0.00930279 0.02807271 0.35714286]
 [0.00915536 0.02621442 0.41071429]
 [0.00651266 0.02449621 0.41964286]
 [0.01055592 0.01502503 0.28571429]
 [0.01055592 0.01502503 0.28571429]
 [0.00915536 0.02621442 0.41071429]
 [0.00573867 0.0236371  0.47321429]
 [0.01118249 0.01774242 0.26785714]
 [0.00915536 0.02621442 0.41071429]
 [0.01118249 0.01774242 0.26785714]
 [0.00915536 0.02621442 0.41071429]
 [0.00651266 0.02449621 0.41964286]
 [0.01413103 0.02303713 0.24107143]
 [0.01413103 0.02303713 0.24107143]
 [0.01118249 0.01774242 0.26785714]
 [0.01055592 0.01502503 0.28571429]
 [0.00651266 0.02449621 0.41964286]
 [0.00915536 0.02621442 0.41071429]
 [0.00573867 0.0236371  0.47321429]
 [0.01118249 0.01774242 0.26785714]
 [0.00930279 0.02807271 0.35714286]
 [0.00915536 0.02621442 0.41071429]
 [0.00651266 0.02449621 0.41964286]
 [0.00930279 0.02807271 0.35714286]
 [0.01413103 0.02303713 0.24107143]
 [0.01118249 0.01774242 0.26785714]
 [0.01118249 0.01774242 0.26785714]
 [0.01055592 0.01502503 0.28571429]
 [0.00573867 0.0236371  0.47321429]
 [0.01118249 0.01774242 0.26785714]
 [0.01273047 0.01946063 0.25892857]
 [0.00573867 0.0236371  0.47321429]
 [0.01273047 0.01946063 0.25892857]
 [0.00573867 0.0236371  0.47321429]
 [0.01413103 0.02303713 0.24107143]
 [0.00573867 0.0236371  0.47321429]
 [0.00573867 0.0236371  0.47321429]
 [0.01118249 0.01774242 0.26785714]
 [0.01055592 0.01502503 0.28571429]
 [0.01413103 0.02303713 0.24107143]
 [0.01118249 0.01774242 0.26785714]
 [0.01055592 0.01502503 0.28571429]
 [0.00930279 0.02807271 0.35714286]
 [0.01413103 0.02303713 0.24107143]
 [0.01118249 0.01774242 0.26785714]]
mean Objective 1 : 0.009880619480389744mean Objective 2 : 0.02235308811444793mean Objective 3 : 0.3382142856991869
knee_point : [6, 0, 2, 1, 5, 1, 0, 75]