Solutions:
[[6 1 0 2 4 0 4 61]
 [9 1 25 1 4 1 4 61]
 [6 1 0 2 3 0 4 61]
 [9 1 25 1 0 1 4 37]
 [8 1 0 3 5 0 4 61]
 [11 1 10 3 1 0 4 37]
 [8 1 10 2 1 1 4 43]
 [11 1 10 3 1 0 4 43]
 [9 1 10 2 1 1 4 53]
 [9 1 0 0 1 0 4 54]
 [8 1 20 3 5 0 4 43]
 [11 1 10 2 0 0 4 39]
 [8 1 0 0 1 1 4 53]
 [8 1 20 2 0 0 4 53]
 [8 1 0 0 3 1 4 14]
 [11 1 10 0 5 0 4 61]
 [9 1 0 0 5 0 4 14]
 [8 1 0 1 6 1 4 14]
 [9 1 25 1 3 1 4 43]
 [8 1 0 2 1 1 4 53]
 [9 1 25 0 6 0 4 34]
 [9 1 25 0 4 1 4 53]
 [0 1 10 0 0 0 4 53]
 [8 1 0 0 1 1 4 61]
 [9 1 0 2 1 1 4 53]
 [6 1 0 3 3 0 4 61]
 [11 1 7 2 1 1 4 37]
 [9 1 25 1 4 1 4 14]
 [9 1 10 2 3 1 4 34]
 [8 1 10 2 1 1 4 61]
 [9 1 25 0 5 0 4 61]
 [9 1 0 0 3 0 4 53]
 [11 1 10 3 3 1 4 43]
 [11 1 7 2 1 0 4 53]
 [9 1 6 2 0 0 4 53]
 [6 1 0 3 1 1 4 43]
 [9 1 10 2 1 0 4 43]
 [9 1 0 2 5 1 4 53]
 [9 1 10 0 3 1 4 37]
 [6 1 0 2 1 1 4 41]
 [6 1 0 3 1 1 4 34]
 [6 1 0 2 4 0 4 39]
 [11 1 10 0 5 0 4 41]
 [6 1 0 2 5 0 4 61]
 [9 1 0 0 4 1 4 53]
 [8 1 0 2 5 0 4 14]
 [9 1 25 2 3 1 4 14]
 [9 1 10 2 1 1 4 61]
 [9 1 20 2 5 0 4 61]
 [8 1 10 0 5 0 4 43]
 [9 1 7 2 1 0 4 37]
 [9 1 25 0 1 1 4 61]
 [9 1 25 0 6 1 4 37]
 [8 1 20 2 3 1 4 37]
 [9 1 25 0 6 0 4 43]
 [8 1 6 2 0 0 4 53]
 [8 1 10 1 4 1 4 14]
 [6 1 0 2 5 1 4 53]
 [8 1 25 2 3 1 4 53]
 [8 1 25 0 6 1 4 14]
 [8 1 0 0 1 1 4 34]
 [8 1 0 2 5 0 4 61]
 [9 1 25 0 5 0 4 43]
 [6 1 0 0 6 1 4 14]
 [8 1 0 2 5 1 4 61]
 [8 1 0 2 4 1 4 37]
 [8 1 0 0 6 1 4 53]
 [8 1 10 2 5 0 4 43]
 [9 1 25 1 0 1 4 34]
 [8 1 10 0 4 1 4 14]
 [8 1 10 2 5 0 4 53]
 [9 1 25 0 6 1 4 53]
 [8 1 20 2 0 0 4 43]
 [9 1 0 0 1 0 4 34]
 [9 1 10 2 6 1 4 61]
 [9 1 0 0 1 0 4 53]
 [11 1 10 0 4 0 4 53]
 [9 1 10 2 0 1 4 61]
 [9 1 10 0 3 1 4 43]
 [8 1 10 2 1 1 4 37]
 [8 1 0 0 5 0 4 61]
 [9 1 0 0 0 0 4 43]
 [8 1 10 2 1 1 4 39]
 [8 1 25 0 4 1 4 37]
 [9 1 6 2 0 1 4 43]
 [8 1 10 0 4 0 4 53]
 [8 1 10 0 3 1 4 53]
 [9 1 10 2 4 0 4 43]
 [9 1 6 2 3 0 4 61]
 [8 1 20 2 6 0 4 53]
 [9 1 0 1 6 1 4 14]
 [9 1 0 2 1 0 4 53]
 [8 1 0 2 5 0 4 37]
 [8 1 10 0 5 1 4 53]
 [9 1 10 0 5 0 4 53]
 [9 1 10 2 1 1 4 43]
 [11 1 10 0 3 1 4 37]
 [6 1 0 2 5 0 4 14]
 [9 1 0 0 1 1 4 53]
 [8 1 10 2 6 1 4 41]]
Objective functions results:
[[ 0.08151515  0.49150327  5.        ]
 [ 0.04467648  0.17287582 13.        ]
 [ 0.08151515  0.49150327  5.        ]
 [ 0.04467648  0.17287582 13.        ]
 [ 0.05860343  0.36699346  7.        ]
 [ 0.05018373  0.23954248 11.        ]
 [ 0.0567977   0.33287582  9.        ]
 [ 0.05018373  0.23954248 11.        ]
 [ 0.0567977   0.33287582  9.        ]
 [ 0.05860343  0.36699346  7.        ]
 [ 0.04467648  0.17287582 13.        ]
 [ 0.05018373  0.23954248 11.        ]
 [ 0.05860343  0.36699346  7.        ]
 [ 0.04467648  0.17287582 13.        ]
 [ 0.05860343  0.36699346  7.        ]
 [ 0.05018373  0.23954248 11.        ]
 [ 0.05860343  0.36699346  7.        ]
 [ 0.05860343  0.36699346  7.        ]
 [ 0.04467648  0.17287582 13.        ]
 [ 0.05860343  0.36699346  7.        ]
 [ 0.04467648  0.17287582 13.        ]
 [ 0.04467648  0.17287582 13.        ]
 [ 0.05018373  0.23954248 11.        ]
 [ 0.05860343  0.36699346  7.        ]
 [ 0.05860343  0.36699346  7.        ]
 [ 0.08151515  0.49150327  5.        ]
 [ 0.05018373  0.23954248 11.        ]
 [ 0.0567977   0.33287582  9.        ]
 [ 0.0567977   0.33287582  9.        ]
 [ 0.0567977   0.33287582  9.        ]
 [ 0.04467648  0.17287582 13.        ]
 [ 0.05860343  0.36699346  7.        ]
 [ 0.05018373  0.23954248 11.        ]
 [ 0.05018373  0.23954248 11.        ]
 [ 0.0567977   0.33287582  9.        ]
 [ 0.08151515  0.49150327  5.        ]
 [ 0.0567977   0.33287582  9.        ]
 [ 0.05860343  0.36699346  7.        ]
 [ 0.0567977   0.33287582  9.        ]
 [ 0.08151515  0.49150327  5.        ]
 [ 0.08151515  0.49150327  5.        ]
 [ 0.08151515  0.49150327  5.        ]
 [ 0.05018373  0.23954248 11.        ]
 [ 0.08151515  0.49150327  5.        ]
 [ 0.05860343  0.36699346  7.        ]
 [ 0.05860343  0.36699346  7.        ]
 [ 0.0567977   0.33287582  9.        ]
 [ 0.0567977   0.33287582  9.        ]
 [ 0.04467648  0.17287582 13.        ]
 [ 0.0567977   0.33287582  9.        ]
 [ 0.0567977   0.33287582  9.        ]
 [ 0.04467648  0.17287582 13.        ]
 [ 0.04467648  0.17287582 13.        ]
 [ 0.04467648  0.17287582 13.        ]
 [ 0.04467648  0.17287582 13.        ]
 [ 0.0567977   0.33287582  9.        ]
 [ 0.0567977   0.33287582  9.        ]
 [ 0.08151515  0.49150327  5.        ]
 [ 0.04467648  0.17287582 13.        ]
 [ 0.0567977   0.33287582  9.        ]
 [ 0.05860343  0.36699346  7.        ]
 [ 0.05860343  0.36699346  7.        ]
 [ 0.04467648  0.17287582 13.        ]
 [ 0.08151515  0.49150327  5.        ]
 [ 0.05860343  0.36699346  7.        ]
 [ 0.05860343  0.36699346  7.        ]
 [ 0.05860343  0.36699346  7.        ]
 [ 0.0567977   0.33287582  9.        ]
 [ 0.04467648  0.17287582 13.        ]
 [ 0.0567977   0.33287582  9.        ]
 [ 0.0567977   0.33287582  9.        ]
 [ 0.04467648  0.17287582 13.        ]
 [ 0.04467648  0.17287582 13.        ]
 [ 0.05860343  0.36699346  7.        ]
 [ 0.0567977   0.33287582  9.        ]
 [ 0.05860343  0.36699346  7.        ]
 [ 0.05018373  0.23954248 11.        ]
 [ 0.0567977   0.33287582  9.        ]
 [ 0.0567977   0.33287582  9.        ]
 [ 0.0567977   0.33287582  9.        ]
 [ 0.05860343  0.36699346  7.        ]
 [ 0.05860343  0.36699346  7.        ]
 [ 0.0567977   0.33287582  9.        ]
 [ 0.04467648  0.17287582 13.        ]
 [ 0.0567977   0.33287582  9.        ]
 [ 0.0567977   0.33287582  9.        ]
 [ 0.0567977   0.33287582  9.        ]
 [ 0.0567977   0.33287582  9.        ]
 [ 0.0567977   0.33287582  9.        ]
 [ 0.04467648  0.17287582 13.        ]
 [ 0.05860343  0.36699346  7.        ]
 [ 0.05860343  0.36699346  7.        ]
 [ 0.05860343  0.36699346  7.        ]
 [ 0.0567977   0.33287582  9.        ]
 [ 0.0567977   0.33287582  9.        ]
 [ 0.0567977   0.33287582  9.        ]
 [ 0.05018373  0.23954248 11.        ]
 [ 0.08151515  0.49150327  5.        ]
 [ 0.05860343  0.36699346  7.        ]
 [ 0.0567977   0.33287582  9.        ]]
mean Objective 1 : 0.056834327792517236mean Objective 2 : 0.31692875816993465mean Objective 3 : 9.06