Solutions:
[[12 1 76 1 5 0 2 53]
 [12 1 76 1 4 1 2 72]
 [2 1 0 1 4 0 2 84]
 [2 1 0 1 4 0 2 53]
 [10 1 0 0 5 0 4 36]
 [10 1 0 0 5 0 2 53]
 [1 1 23 1 4 1 4 1]
 [12 3 74 1 4 0 4 53]
 [10 3 54 3 4 1 5 84]
 [0 1 23 1 4 1 3 96]
 [10 3 48 1 4 1 2 72]
 [1 1 23 1 5 0 2 72]
 [12 1 48 3 6 0 5 14]
 [10 2 28 1 4 1 4 1]
 [12 1 76 2 4 0 5 99]
 [12 1 76 3 1 0 2 96]
 [3 2 56 1 6 1 5 84]
 [10 3 76 1 4 0 4 53]
 [10 1 48 0 6 0 5 14]
 [10 2 99 0 5 1 5 63]
 [10 2 76 1 4 1 4 1]
 [10 1 48 0 4 1 3 96]
 [10 3 53 2 1 0 2 99]
 [1 1 74 1 4 1 4 1]
 [12 1 76 2 0 0 5 99]
 [10 2 38 0 5 1 4 1]
 [0 1 76 2 0 0 5 99]
 [10 3 54 3 4 0 4 53]
 [0 2 50 2 4 1 1 99]
 [1 1 74 1 4 0 4 53]
 [10 2 99 0 5 1 5 99]
 [12 3 74 2 4 0 5 99]
 [1 1 74 0 5 1 5 42]
 [10 3 48 1 5 1 1 53]
 [2 1 53 2 1 0 2 99]
 [10 3 53 2 1 0 2 72]
 [0 1 76 2 0 0 2 53]
 [2 1 53 2 4 1 2 53]
 [10 3 76 1 4 1 4 72]
 [0 2 53 2 4 1 1 68]
 [0 2 53 2 4 1 1 53]
 [10 2 54 3 4 1 4 1]
 [8 2 74 2 4 1 4 1]
 [0 2 67 1 5 1 1 72]
 [3 1 76 2 4 0 5 99]
 [0 1 76 2 0 0 2 72]
 [12 1 76 1 1 0 4 53]
 [12 1 76 2 0 0 2 84]
 [10 2 28 3 1 1 2 72]
 [3 1 76 1 4 0 4 53]
 [10 1 48 0 4 1 4 1]
 [3 3 1 2 6 0 5 53]
 [0 2 28 2 5 1 2 72]
 [0 2 76 2 4 0 1 53]
 [12 3 1 2 5 0 5 99]
 [0 2 28 1 5 1 5 72]
 [3 3 1 2 5 0 4 36]
 [0 1 48 3 6 0 5 14]
 [1 1 74 1 4 0 4 42]
 [0 2 28 1 1 1 5 72]
 [10 2 28 3 1 1 3 96]
 [12 2 56 1 6 1 5 84]
 [1 1 74 3 4 1 4 42]
 [1 1 74 1 5 1 5 42]
 [10 1 48 0 4 0 5 14]
 [12 1 76 1 4 1 4 53]
 [0 2 28 2 4 1 2 53]
 [10 2 54 1 5 1 4 1]
 [10 2 38 2 4 0 2 72]
 [0 2 50 2 4 1 1 53]
 [0 1 23 1 4 1 5 84]
 [0 3 46 3 6 0 5 72]
 [10 2 35 1 4 0 2 72]
 [10 1 23 2 5 0 5 63]
 [10 2 38 2 4 1 2 99]
 [1 1 74 1 6 1 4 1]
 [10 1 23 2 5 0 5 99]
 [10 3 1 1 1 1 5 68]
 [1 1 74 1 4 0 4 72]
 [0 2 67 1 5 1 1 53]
 [12 3 1 2 6 1 4 36]
 [3 3 1 2 5 1 5 72]
 [3 3 1 2 6 1 4 36]
 [12 2 76 2 4 0 1 53]
 [10 2 35 1 4 0 2 53]
 [0 3 46 3 6 0 2 53]
 [10 3 1 1 1 1 5 84]
 [0 2 53 1 6 1 5 84]
 [12 2 76 2 4 0 1 68]
 [0 2 76 2 4 0 1 72]
 [11 2 56 0 1 1 5 72]
 [12 3 1 2 5 0 5 96]
 [0 1 76 2 0 0 4 72]
 [12 3 1 2 5 0 4 36]
 [12 3 74 1 4 0 4 36]
 [12 3 1 2 5 0 5 72]
 [12 1 76 2 0 1 5 84]
 [10 1 0 1 4 0 4 36]
 [12 1 76 2 0 0 2 72]
 [10 3 76 1 4 1 5 72]]
Objective functions results:
[[5.89709568e-03 1.05894218e-02 8.90000000e+01]
 [5.89709568e-03 1.05894218e-02 8.90000000e+01]
 [2.50000000e-01 7.50000000e-01 1.00000000e+00]
 [2.50000000e-01 7.50000000e-01 1.00000000e+00]
 [7.12074303e-02 5.51546392e-01 5.00000000e+00]
 [7.12074303e-02 5.51546392e-01 5.00000000e+00]
 [4.20465300e-02 3.53139474e-01 1.10000000e+01]
 [3.36871591e-02 3.09021552e-01 1.70000000e+01]
 [3.63705754e-02 2.20666648e-01 1.50000000e+01]
 [4.43387881e-02 3.14535709e-01 1.10000000e+01]
 [2.52100840e-02 2.06360657e-01 2.30000000e+01]
 [4.20465300e-02 3.53139474e-01 1.10000000e+01]
 [2.82692024e-02 1.35108509e-01 2.10000000e+01]
 [1.68067227e-02 9.08318392e-02 4.10000000e+01]
 [9.80392157e-03 7.66659196e-02 7.70000000e+01]
 [9.15535994e-03 1.51650979e-02 8.50000000e+01]
 [1.71164391e-02 9.01128044e-02 4.90000000e+01]
 [3.86557000e-02 3.16454691e-01 1.30000000e+01]
 [2.20772520e-02 1.28235657e-01 2.50000000e+01]
 [2.19705454e-02 1.08275437e-01 3.50000000e+01]
 [1.89812767e-02 1.24799231e-01 3.10000000e+01]
 [2.06915534e-02 1.27656694e-01 2.90000000e+01]
 [2.98540469e-02 2.11515296e-01 1.90000000e+01]
 [1.78755713e-02 1.32272057e-01 3.70000000e+01]
 [9.80392157e-03 7.66659196e-02 7.70000000e+01]
 [1.68067227e-02 9.08318392e-02 4.10000000e+01]
 [1.04304880e-02 7.56667414e-02 7.30000000e+01]
 [3.63705754e-02 2.20666648e-01 1.50000000e+01]
 [1.25830468e-02 3.42265240e-02 6.50000000e+01]
 [1.44478844e-02 1.22401670e-01 5.30000000e+01]
 [2.19705454e-02 1.08275437e-01 3.50000000e+01]
 [3.36871591e-02 3.09021552e-01 1.70000000e+01]
 [1.36738906e-02 1.06776670e-01 6.10000000e+01]
 [2.52100840e-02 2.06360657e-01 2.30000000e+01]
 [2.00209965e-02 4.42369827e-02 5.90000000e+01]
 [2.98540469e-02 2.11515296e-01 1.90000000e+01]
 [8.53979113e-03 1.23076348e-02 8.70000000e+01]
 [2.00209965e-02 4.42369827e-02 5.90000000e+01]
 [3.86557000e-02 3.16454691e-01 1.30000000e+01]
 [1.47576008e-02 6.81939153e-02 5.90000000e+01]
 [1.47576008e-02 6.81939153e-02 5.90000000e+01]
 [1.80598555e-02 9.62666218e-02 3.70000000e+01]
 [1.89812767e-02 1.24799231e-01 3.10000000e+01]
 [1.80158651e-02 7.27695914e-02 5.70000000e+01]
 [1.04304880e-02 7.56667414e-02 7.30000000e+01]
 [8.53979113e-03 1.23076348e-02 8.70000000e+01]
 [1.05779154e-02 7.75250261e-02 6.90000000e+01]
 [9.15535994e-03 1.51650979e-02 8.50000000e+01]
 [1.11824866e-02 1.77424175e-02 6.70000000e+01]
 [1.12044818e-02 7.65258479e-02 6.50000000e+01]
 [2.06915534e-02 1.27656694e-01 2.90000000e+01]
 [1.52367399e-02 8.19606305e-02 5.70000000e+01]
 [1.05559202e-02 1.50250261e-02 7.10000000e+01]
 [1.97481369e-02 8.09217653e-02 5.50000000e+01]
 [1.64898727e-02 8.73954131e-02 5.30000000e+01]
 [1.36887522e-02 8.02424175e-02 6.30000000e+01]
 [1.64788751e-02 8.38189153e-02 5.50000000e+01]
 [2.82692024e-02 1.35108509e-01 2.10000000e+01]
 [1.57010172e-02 1.27836452e-01 5.10000000e+01]
 [1.36887522e-02 8.02424175e-02 6.30000000e+01]
 [1.11824866e-02 1.77424175e-02 6.70000000e+01]
 [1.71164391e-02 9.01128044e-02 4.90000000e+01]
 [1.57010172e-02 1.27836452e-01 5.10000000e+01]
 [1.36738906e-02 1.06776670e-01 6.10000000e+01]
 [2.20772520e-02 1.28235657e-01 2.50000000e+01]
 [1.05779154e-02 7.75250261e-02 6.90000000e+01]
 [1.05559202e-02 1.50250261e-02 7.10000000e+01]
 [1.80598555e-02 9.62666218e-02 3.70000000e+01]
 [1.41310344e-02 2.30371283e-02 6.10000000e+01]
 [1.25830468e-02 3.42265240e-02 6.50000000e+01]
 [4.43387881e-02 3.14535709e-01 1.10000000e+01]
 [2.71893562e-02 1.34389474e-01 2.30000000e+01]
 [1.27304742e-02 1.94606305e-02 6.50000000e+01]
 [4.31153786e-02 3.15095996e-01 1.10000000e+01]
 [1.41310344e-02 2.30371283e-02 6.10000000e+01]
 [1.78755713e-02 1.32272057e-01 3.70000000e+01]
 [4.31153786e-02 3.15095996e-01 1.10000000e+01]
 [1.74112939e-02 8.63962349e-02 5.30000000e+01]
 [1.44478844e-02 1.22401670e-01 5.30000000e+01]
 [1.80158651e-02 7.27695914e-02 5.70000000e+01]
 [1.77320079e-02 8.92536979e-02 5.10000000e+01]
 [1.52367399e-02 8.19606305e-02 5.70000000e+01]
 [1.64788751e-02 8.38189153e-02 5.50000000e+01]
 [2.76542281e-02 7.71655087e-02 5.30000000e+01]
 [1.27304742e-02 1.94606305e-02 6.50000000e+01]
 [2.71893562e-02 1.34389474e-01 2.30000000e+01]
 [1.74112939e-02 8.63962349e-02 5.30000000e+01]
 [1.63424453e-02 8.92536979e-02 5.30000000e+01]
 [2.76542281e-02 7.71655087e-02 5.30000000e+01]
 [1.97481369e-02 8.09217653e-02 5.50000000e+01]
 [1.63424453e-02 8.92536979e-02 5.30000000e+01]
 [1.64898727e-02 8.73954131e-02 5.30000000e+01]
 [1.12044818e-02 7.65258479e-02 6.50000000e+01]
 [1.77320079e-02 8.92536979e-02 5.10000000e+01]
 [3.36871591e-02 3.09021552e-01 1.70000000e+01]
 [1.64898727e-02 8.73954131e-02 5.30000000e+01]
 [9.80392157e-03 7.66659196e-02 7.70000000e+01]
 [7.12074303e-02 5.51546392e-01 5.00000000e+00]
 [5.89709568e-03 1.05894218e-02 8.90000000e+01]
 [3.86557000e-02 3.16454691e-01 1.30000000e+01]]
mean Objective 1 : 0.02591171358186739mean Objective 2 : 0.14289364821455253mean Objective 3 : 45.76