Solutions:
[[12 0 1 1 1 0 4 6]
 [12 3 55 1 6 0 1 73]
 [5 2 97 1 0 1 5 13]
 [8 2 97 0 0 1 4 8]
 [5 2 97 1 4 1 4 61]
 [5 2 85 1 4 1 4 61]
 [5 2 97 3 1 0 4 13]
 [4 2 96 3 3 0 5 6]
 [5 2 85 3 5 1 5 7]
 [5 2 97 3 5 1 5 7]
 [5 2 97 3 1 1 4 8]
 [10 2 97 3 6 0 4 8]
 [5 2 85 1 4 0 5 6]
 [5 2 92 3 4 0 4 7]
 [5 2 97 1 4 1 5 8]
 [5 2 97 1 0 1 5 61]
 [12 2 85 3 5 0 5 6]
 [2 2 85 3 0 0 4 7]
 [5 2 92 1 0 1 5 7]
 [2 2 97 3 1 1 4 13]
 [5 2 96 3 3 0 5 6]
 [4 2 97 3 6 0 4 8]
 [5 2 97 3 1 0 4 6]
 [5 2 97 3 0 1 5 6]
 [2 2 97 3 0 1 5 13]
 [5 2 85 3 5 0 5 6]
 [4 2 85 3 1 0 4 13]
 [5 2 97 1 0 1 5 6]
 [5 2 85 1 4 1 4 7]
 [4 2 97 3 4 0 5 7]
 [5 2 97 3 1 1 4 7]
 [12 2 97 3 1 0 4 6]
 [10 2 96 3 1 0 4 6]
 [10 2 96 3 6 0 5 6]
 [5 2 97 3 6 0 4 13]
 [4 2 85 3 0 0 5 6]
 [5 2 97 3 1 1 5 6]
 [5 2 97 3 6 1 4 6]
 [4 2 97 3 0 1 5 6]
 [0 2 97 3 1 0 4 6]
 [5 2 96 3 0 0 4 8]
 [2 2 97 3 1 0 5 6]
 [12 2 97 3 3 1 5 6]
 [2 2 85 3 5 1 5 7]
 [12 2 85 3 5 1 5 7]
 [5 2 97 3 3 0 4 7]
 [10 2 97 0 3 0 4 7]
 [5 2 97 3 0 0 4 7]
 [5 2 92 3 0 0 5 7]
 [10 2 92 3 3 1 4 13]
 [4 2 97 3 5 0 4 7]
 [2 2 96 3 1 0 4 13]
 [2 2 85 3 3 0 5 6]
 [12 2 85 3 3 0 5 13]
 [5 2 85 1 4 0 4 7]
 [0 2 97 3 4 0 4 7]
 [2 2 85 3 3 0 4 7]
 [12 2 92 3 3 0 5 6]
 [10 2 92 3 0 0 5 7]
 [2 2 97 3 5 0 4 6]
 [0 2 85 3 3 1 5 7]
 [12 2 85 3 5 1 4 6]
 [5 2 96 3 6 1 4 6]
 [2 2 96 3 3 0 4 7]
 [5 2 85 1 5 1 5 8]
 [5 2 97 1 4 1 5 6]
 [5 2 85 3 5 1 5 6]
 [5 2 97 3 4 0 4 7]
 [2 2 97 3 3 0 5 6]
 [5 2 96 3 0 0 4 7]
 [8 2 97 3 4 1 4 7]
 [10 2 92 3 0 1 5 6]
 [10 2 92 3 3 0 5 6]
 [5 2 99 1 0 1 5 13]
 [5 2 97 3 0 1 4 13]
 [5 2 96 3 6 0 5 6]
 [5 2 97 3 1 0 4 8]
 [12 2 85 3 0 1 5 13]
 [5 2 92 3 1 0 4 13]
 [0 2 97 3 4 0 5 6]
 [10 2 92 3 5 1 5 6]
 [5 2 97 3 6 0 4 8]
 [5 2 99 1 0 1 4 6]
 [4 2 97 3 0 1 4 6]
 [0 2 97 3 0 1 5 7]
 [5 2 97 3 0 1 5 7]
 [5 2 92 3 0 1 4 7]
 [5 2 97 3 0 0 5 6]
 [0 2 85 3 5 1 5 7]
 [12 2 92 1 5 0 5 7]
 [5 2 97 1 4 1 4 8]
 [5 2 97 3 1 1 4 13]
 [4 2 85 3 0 1 5 6]
 [10 2 97 3 3 0 5 6]
 [5 2 85 1 4 1 4 13]
 [4 2 97 3 1 0 4 13]
 [0 2 85 3 3 1 5 6]
 [5 2 85 3 5 0 4 8]
 [8 2 97 3 5 1 5 6]
 [5 2 97 3 3 0 5 6]]
Objective functions results:
[[ 0.16764706  0.16764706  0.        ]
 [ 0.16764706  0.16764706  0.        ]
 [ 0.5         0.5        -0.0952381 ]
 [ 0.5         0.5        -0.0952381 ]
 [ 0.32205882  0.32205882 -0.04761905]
 [ 0.32205882  0.32205882 -0.04761905]
 [ 0.5         0.5        -0.0952381 ]
 [ 0.5         0.5        -0.0952381 ]
 [ 0.5         0.5        -0.0952381 ]
 [ 0.5         0.5        -0.0952381 ]
 [ 0.5         0.5        -0.0952381 ]
 [ 0.5         0.5        -0.0952381 ]
 [ 0.5         0.5        -0.0952381 ]
 [ 0.5         0.5        -0.0952381 ]
 [ 0.5         0.5        -0.0952381 ]
 [ 0.5         0.5        -0.0952381 ]
 [ 0.5         0.5        -0.0952381 ]
 [ 0.5         0.5        -0.0952381 ]
 [ 0.5         0.5        -0.0952381 ]
 [ 0.5         0.5        -0.0952381 ]
 [ 0.5         0.5        -0.0952381 ]
 [ 0.5         0.5        -0.0952381 ]
 [ 0.5         0.5        -0.0952381 ]
 [ 0.5         0.5        -0.0952381 ]
 [ 0.5         0.5        -0.0952381 ]
 [ 0.5         0.5        -0.0952381 ]
 [ 0.5         0.5        -0.0952381 ]
 [ 0.5         0.5        -0.0952381 ]
 [ 0.5         0.5        -0.0952381 ]
 [ 0.5         0.5        -0.0952381 ]
 [ 0.5         0.5        -0.0952381 ]
 [ 0.5         0.5        -0.0952381 ]
 [ 0.5         0.5        -0.0952381 ]
 [ 0.5         0.5        -0.0952381 ]
 [ 0.5         0.5        -0.0952381 ]
 [ 0.5         0.5        -0.0952381 ]
 [ 0.5         0.5        -0.0952381 ]
 [ 0.5         0.5        -0.0952381 ]
 [ 0.5         0.5        -0.0952381 ]
 [ 0.5         0.5        -0.0952381 ]
 [ 0.5         0.5        -0.0952381 ]
 [ 0.5         0.5        -0.0952381 ]
 [ 0.5         0.5        -0.0952381 ]
 [ 0.5         0.5        -0.0952381 ]
 [ 0.5         0.5        -0.0952381 ]
 [ 0.5         0.5        -0.0952381 ]
 [ 0.5         0.5        -0.0952381 ]
 [ 0.5         0.5        -0.0952381 ]
 [ 0.5         0.5        -0.0952381 ]
 [ 0.5         0.5        -0.0952381 ]
 [ 0.5         0.5        -0.0952381 ]
 [ 0.5         0.5        -0.0952381 ]
 [ 0.5         0.5        -0.0952381 ]
 [ 0.5         0.5        -0.0952381 ]
 [ 0.5         0.5        -0.0952381 ]
 [ 0.5         0.5        -0.0952381 ]
 [ 0.5         0.5        -0.0952381 ]
 [ 0.5         0.5        -0.0952381 ]
 [ 0.5         0.5        -0.0952381 ]
 [ 0.5         0.5        -0.0952381 ]
 [ 0.5         0.5        -0.0952381 ]
 [ 0.5         0.5        -0.0952381 ]
 [ 0.5         0.5        -0.0952381 ]
 [ 0.5         0.5        -0.0952381 ]
 [ 0.5         0.5        -0.0952381 ]
 [ 0.5         0.5        -0.0952381 ]
 [ 0.5         0.5        -0.0952381 ]
 [ 0.5         0.5        -0.0952381 ]
 [ 0.5         0.5        -0.0952381 ]
 [ 0.5         0.5        -0.0952381 ]
 [ 0.5         0.5        -0.0952381 ]
 [ 0.5         0.5        -0.0952381 ]
 [ 0.5         0.5        -0.0952381 ]
 [ 0.5         0.5        -0.0952381 ]
 [ 0.5         0.5        -0.0952381 ]
 [ 0.5         0.5        -0.0952381 ]
 [ 0.5         0.5        -0.0952381 ]
 [ 0.5         0.5        -0.0952381 ]
 [ 0.5         0.5        -0.0952381 ]
 [ 0.5         0.5        -0.0952381 ]
 [ 0.5         0.5        -0.0952381 ]
 [ 0.5         0.5        -0.0952381 ]
 [ 0.5         0.5        -0.0952381 ]
 [ 0.5         0.5        -0.0952381 ]
 [ 0.5         0.5        -0.0952381 ]
 [ 0.5         0.5        -0.0952381 ]
 [ 0.5         0.5        -0.0952381 ]
 [ 0.5         0.5        -0.0952381 ]
 [ 0.5         0.5        -0.0952381 ]
 [ 0.5         0.5        -0.0952381 ]
 [ 0.5         0.5        -0.0952381 ]
 [ 0.5         0.5        -0.0952381 ]
 [ 0.5         0.5        -0.0952381 ]
 [ 0.5         0.5        -0.0952381 ]
 [ 0.5         0.5        -0.0952381 ]
 [ 0.5         0.5        -0.0952381 ]
 [ 0.5         0.5        -0.0952381 ]
 [ 0.5         0.5        -0.0952381 ]
 [ 0.5         0.5        -0.0952381 ]
 [ 0.5         0.5        -0.0952381 ]]
mean Objective 1 : 0.4897941176470589mean Objective 2 : 0.4897941176470589mean Objective 3 : -0.09238095235895692
knee_point : [12, 0, 1, 1, 1, 0, 4, 6]