Solutions:
[[6 1 0 1 4 0 5 20]
 [7 1 98 1 3 0 4 28]
 [7 1 1 1 3 1 4 23]
 [2 1 45 2 6 0 3 18]
 [6 1 0 1 4 0 5 18]
 [2 1 45 2 6 0 3 20]
 [6 1 0 1 4 1 5 27]
 [11 1 23 3 1 1 4 8]
 [7 1 98 1 6 0 4 36]
 [6 1 0 1 0 0 5 36]
 [2 3 74 0 6 1 4 36]
 [7 2 52 3 6 0 4 36]
 [2 1 0 1 3 0 4 28]
 [6 0 100 3 1 1 4 8]
 [1 1 23 3 3 1 4 23]
 [7 1 2 1 6 1 4 23]
 [2 2 32 3 0 1 4 40]
 [2 1 0 0 6 1 4 18]
 [7 1 47 1 3 0 4 23]
 [2 1 3 3 3 0 4 27]
 [7 1 26 2 6 0 4 20]
 [7 1 64 3 6 0 4 27]
 [2 1 2 1 3 0 4 40]
 [2 2 32 3 0 1 4 36]
 [7 1 98 0 6 1 4 18]
 [7 1 98 3 6 0 4 36]
 [2 1 0 1 4 0 5 18]
 [7 1 64 3 6 0 4 28]
 [1 1 2 1 6 1 4 23]
 [2 3 32 3 0 0 4 40]
 [11 1 2 3 1 1 4 8]
 [2 1 1 0 6 0 5 23]
 [7 2 32 3 4 0 5 18]
 [2 3 32 0 4 0 4 40]
 [2 3 74 0 0 0 4 40]
 [7 1 98 1 3 1 4 18]
 [7 2 32 1 0 1 4 36]
 [7 2 32 1 4 0 5 18]
 [7 2 32 1 6 1 4 36]
 [7 1 98 3 3 0 4 27]
 [1 1 1 1 3 1 4 36]
 [2 1 2 3 0 0 4 36]
 [7 2 32 1 3 0 4 40]
 [2 1 3 3 6 0 5 18]
 [2 1 0 0 5 0 5 18]
 [2 1 0 0 1 1 4 8]
 [1 1 1 1 3 1 4 23]
 [2 1 0 3 4 0 5 23]
 [7 2 32 3 0 0 4 40]
 [2 1 0 1 4 1 5 27]
 [2 1 45 3 6 0 3 40]
 [7 2 32 0 6 0 4 36]
 [2 1 2 3 6 0 4 20]
 [2 1 3 0 6 0 4 28]
 [2 1 0 1 0 0 5 18]
 [2 1 0 0 1 0 5 20]
 [7 1 98 0 3 1 4 23]
 [2 1 2 3 6 0 4 23]
 [2 1 0 0 0 0 4 36]
 [2 1 3 0 6 0 4 23]
 [1 1 1 1 3 0 4 40]
 [7 2 32 1 0 0 4 36]
 [6 1 0 1 0 0 5 18]
 [2 1 2 1 1 1 4 8]
 [2 1 2 0 6 0 4 8]
 [7 1 26 2 3 0 4 20]
 [1 1 3 0 6 0 4 36]
 [6 1 0 3 4 0 5 23]
 [2 1 0 1 4 0 4 40]
 [2 1 1 1 3 0 4 40]
 [2 1 1 1 3 0 4 23]
 [2 1 3 0 6 0 4 36]
 [2 1 2 1 0 1 5 8]
 [7 1 47 1 3 0 4 28]
 [7 2 32 1 0 1 5 18]
 [2 3 32 0 6 0 4 36]
 [7 1 93 0 2 0 4 40]
 [6 1 0 0 6 0 5 27]
 [7 1 98 3 6 1 4 28]
 [2 1 0 0 6 0 5 23]
 [2 1 1 0 6 1 4 18]
 [2 3 32 0 4 0 4 36]
 [7 1 98 3 3 0 4 28]
 [2 1 2 0 6 1 4 36]
 [2 3 74 3 3 0 4 36]
 [2 3 32 3 4 0 4 36]
 [7 1 98 0 6 0 4 20]
 [1 1 1 1 3 1 4 40]
 [1 1 1 1 6 0 4 27]
 [2 1 0 0 6 1 5 20]
 [7 1 98 3 6 1 4 36]
 [7 1 98 1 3 0 4 36]
 [2 1 2 0 6 1 4 27]
 [2 1 3 0 6 1 4 36]
 [2 1 2 1 6 0 4 27]
 [2 1 1 0 3 1 4 23]
 [7 2 32 0 6 0 5 23]
 [2 1 1 3 4 0 4 36]
 [2 3 32 3 4 0 4 40]
 [2 1 0 3 0 0 4 36]]
Objective functions results:
[[ 0.12121212  0.66666667 -0.13793103]
 [ 0.07091354  0.23840647  0.34482759]
 [ 0.12682308  0.40343915 -0.03448276]
 [ 0.06110661  0.29330065  0.62068966]
 [ 0.12121212  0.66666667 -0.13793103]
 [ 0.06110661  0.29330065  0.62068966]
 [ 0.11584596  0.54761905 -0.10344828]
 [ 0.09717334  0.43868659 -0.03448276]
 [ 0.07052021  0.27544351  0.4137931 ]
 [ 0.11584596  0.54761905 -0.10344828]
 [ 0.06994499  0.40958606  0.20689655]
 [ 0.07241795  0.27081388  0.05      ]
 [ 0.08767825  0.51034858 -0.06896552]
 [ 0.07128911  0.36679116  0.        ]
 [ 0.09594103  0.47860255 -0.03448276]
 [ 0.12682308  0.40343915 -0.03448276]
 [ 0.06489449  0.36791939  0.24137931]
 [ 0.09714795  0.62145969 -0.10344828]
 [ 0.08003163  0.31193589  0.03448276]
 [ 0.08767825  0.51034858 -0.06896552]
 [ 0.08003163  0.31193589  0.03448276]
 [ 0.07362527  0.27026922  0.27586207]
 [ 0.08231209  0.49183007 -0.03448276]
 [ 0.06994499  0.40958606  0.20689655]
 [ 0.07106209  0.23895114  0.31034483]
 [ 0.07052021  0.27544351  0.4137931 ]
 [ 0.09714795  0.62145969 -0.10344828]
 [ 0.07362527  0.27026922  0.27586207]
 [ 0.09594103  0.47860255 -0.03448276]
 [ 0.06474594  0.36737473  0.34482759]
 [ 0.09717334  0.43868659 -0.03448276]
 [ 0.08231209  0.49183007 -0.03448276]
 [ 0.07067255  0.30839558  0.27586207]
 [ 0.06474594  0.36737473  0.34482759]
 [ 0.06489449  0.36791939  0.24137931]
 [ 0.07106209  0.23895114  0.31034483]
 [ 0.07052401  0.30785092  0.31034483]
 [ 0.07067255  0.30839558  0.27586207]
 [ 0.07052401  0.30785092  0.31034483]
 [ 0.07091354  0.23840647  0.34482759]
 [ 0.09594103  0.47860255 -0.03448276]
 [ 0.08231209  0.49183007 -0.03448276]
 [ 0.07052401  0.30785092  0.31034483]
 [ 0.09714795  0.62145969 -0.10344828]
 [ 0.09714795  0.62145969 -0.10344828]
 [ 0.09714795  0.62145969 -0.10344828]
 [ 0.09594103  0.47860255 -0.03448276]
 [ 0.08767825  0.51034858 -0.06896552]
 [ 0.07052401  0.30785092  0.31034483]
 [ 0.08767825  0.51034858 -0.06896552]
 [ 0.06110661  0.29330065  0.62068966]
 [ 0.07052401  0.30785092  0.31034483]
 [ 0.09714795  0.62145969 -0.10344828]
 [ 0.08767825  0.51034858 -0.06896552]
 [ 0.09714795  0.62145969 -0.10344828]
 [ 0.09714795  0.62145969 -0.10344828]
 [ 0.07106209  0.23895114  0.31034483]
 [ 0.08767825  0.51034858 -0.06896552]
 [ 0.08767825  0.51034858 -0.06896552]
 [ 0.08767825  0.51034858 -0.06896552]
 [ 0.09594103  0.47860255 -0.03448276]
 [ 0.07052401  0.30785092  0.31034483]
 [ 0.12121212  0.66666667 -0.13793103]
 [ 0.09714795  0.62145969 -0.10344828]
 [ 0.09714795  0.62145969 -0.10344828]
 [ 0.08003163  0.31193589  0.03448276]
 [ 0.09594103  0.47860255 -0.03448276]
 [ 0.11584596  0.54761905 -0.10344828]
 [ 0.08767825  0.51034858 -0.06896552]
 [ 0.08231209  0.49183007 -0.03448276]
 [ 0.08767825  0.51034858 -0.06896552]
 [ 0.08231209  0.49183007 -0.03448276]
 [ 0.09714795  0.62145969 -0.10344828]
 [ 0.08003163  0.31193589  0.03448276]
 [ 0.07067255  0.30839558  0.27586207]
 [ 0.06474594  0.36737473  0.34482759]
 [ 0.07052021  0.27544351  0.4137931 ]
 [ 0.11584596  0.54761905 -0.10344828]
 [ 0.07091354  0.23840647  0.34482759]
 [ 0.08767825  0.51034858 -0.06896552]
 [ 0.09714795  0.62145969 -0.10344828]
 [ 0.06474594  0.36737473  0.34482759]
 [ 0.07091354  0.23840647  0.34482759]
 [ 0.08231209  0.49183007 -0.03448276]
 [ 0.06994499  0.40958606  0.20689655]
 [ 0.06474594  0.36737473  0.34482759]
 [ 0.07106209  0.23895114  0.31034483]
 [ 0.09594103  0.47860255 -0.03448276]
 [ 0.09594103  0.47860255 -0.03448276]
 [ 0.09714795  0.62145969 -0.10344828]
 [ 0.07052021  0.27544351  0.4137931 ]
 [ 0.07052021  0.27544351  0.4137931 ]
 [ 0.08767825  0.51034858 -0.06896552]
 [ 0.08231209  0.49183007 -0.03448276]
 [ 0.08767825  0.51034858 -0.06896552]
 [ 0.08767825  0.51034858 -0.06896552]
 [ 0.07052401  0.30785092  0.31034483]
 [ 0.08231209  0.49183007 -0.03448276]
 [ 0.06474594  0.36737473  0.34482759]
 [ 0.08767825  0.51034858 -0.06896552]]
mean Objective 1 : 0.08427827981611725mean Objective 2 : 0.43213818860877695mean Objective 3 : 0.09567241377656942
knee point : [7, 2, 52, 3, 6, 0, 4, 36]