Solutions:
[[8 2 14 1 6 0 2 98]
 [6 2 90 1 5 0 4 73]
 [3 2 18 1 6 0 1 7]
 [8 2 14 1 6 0 2 99]
 [6 2 90 1 3 0 1 7]
 [7 1 18 0 3 0 4 16]
 [7 1 10 3 5 0 4 16]
 [11 1 10 3 6 1 4 11]
 [10 2 1 3 5 1 5 46]
 [3 1 10 3 3 0 5 46]
 [11 1 18 0 3 0 4 16]
 [3 2 65 2 3 0 4 60]
 [10 2 18 1 3 0 4 73]
 [8 3 98 0 3 0 5 46]
 [8 3 98 0 3 0 4 60]
 [3 1 14 1 6 0 4 73]
 [10 2 1 3 3 1 5 44]
 [4 2 74 0 3 0 4 16]
 [10 2 10 2 3 0 5 46]
 [4 2 14 0 2 0 0 80]
 [10 2 18 1 3 0 5 45]
 [3 2 94 3 3 1 5 44]
 [3 1 14 1 6 0 5 46]
 [10 2 74 0 3 0 4 80]
 [10 2 10 2 3 1 4 75]
 [10 3 6 1 2 0 4 80]
 [3 2 65 2 5 0 4 34]
 [10 2 74 2 6 1 4 11]
 [3 2 18 1 6 0 2 75]
 [10 3 70 3 5 0 4 7]
 [3 3 98 1 6 0 2 75]
 [3 2 58 3 5 0 4 2]
 [3 2 18 1 6 1 4 99]
 [10 2 18 1 6 0 5 46]
 [10 2 14 3 6 0 5 46]
 [10 2 56 0 6 0 5 46]
 [3 1 49 3 3 1 4 46]
 [4 2 74 0 3 0 4 99]
 [4 2 14 1 6 0 2 75]
 [10 2 6 3 5 0 4 80]
 [8 1 31 0 5 0 4 2]
 [3 3 98 3 6 0 1 7]
 [3 3 98 3 6 0 4 99]
 [4 2 14 1 3 0 4 73]
 [3 2 18 1 6 0 4 98]
 [4 1 18 0 3 0 4 16]
 [10 2 10 1 6 0 4 80]
 [10 2 98 0 3 1 4 11]
 [3 2 98 0 5 0 4 56]
 [4 3 10 0 3 1 4 16]
 [10 2 14 3 5 0 4 73]
 [3 2 70 1 6 1 4 56]
 [8 1 14 1 6 0 5 46]
 [3 2 23 1 6 0 1 80]
 [4 3 10 0 3 1 4 99]
 [10 2 14 3 5 1 5 44]
 [3 3 75 1 6 1 2 98]
 [10 2 65 0 5 0 4 56]
 [3 2 83 3 5 1 4 60]
 [10 2 10 1 6 1 4 75]
 [3 1 10 3 3 0 5 98]
 [8 1 49 3 3 1 4 46]
 [3 3 71 1 6 0 5 46]
 [3 1 14 3 5 0 4 73]
 [10 2 14 3 5 1 4 75]
 [4 2 14 3 6 0 4 73]
 [1 1 1 3 3 0 4 99]
 [10 2 10 2 5 0 4 73]
 [3 2 83 3 5 0 4 56]
 [4 3 56 3 6 1 5 46]
 [3 1 14 3 5 0 4 34]
 [1 3 56 0 1 0 4 56]
 [10 2 6 3 5 0 4 7]
 [4 2 14 0 2 0 0 60]
 [3 3 75 1 6 0 4 99]
 [10 3 6 1 2 1 4 98]
 [4 3 56 3 6 0 4 98]
 [1 1 1 3 3 1 4 46]
 [3 2 18 1 6 0 1 44]
 [3 1 17 2 5 0 4 34]
 [3 2 58 3 5 1 4 75]
 [3 2 98 2 3 0 4 60]
 [3 3 98 0 3 1 5 45]
 [3 2 65 0 5 0 4 56]
 [3 3 98 1 6 0 5 45]
 [4 3 23 0 3 0 4 2]
 [10 2 1 3 5 1 5 44]
 [4 2 74 0 3 1 4 28]
 [10 2 74 0 3 0 4 99]
 [4 3 10 1 6 0 4 99]
 [4 2 74 0 3 0 4 28]
 [1 3 98 2 3 0 5 46]
 [3 2 58 3 5 1 4 80]
 [3 2 58 3 3 1 4 16]
 [3 1 14 3 0 1 5 73]
 [10 2 56 1 6 0 5 45]
 [3 3 75 1 6 1 2 2]
 [10 2 18 1 6 1 5 46]
 [10 2 56 0 6 0 5 56]
 [3 3 75 1 6 1 2 7]]
Objective functions results:
[[9.93193803e-02 6.96655283e-01 3.91000000e+02]
 [1.66666667e-01 8.33333333e-01 1.00000000e+00]
 [1.05744887e-01 6.25423059e-01 3.57000000e+02]
 [9.93193803e-02 6.96655283e-01 3.91000000e+02]
 [1.66666667e-01 8.33333333e-01 1.00000000e+00]
 [1.31998557e-01 7.85535895e-01 3.00000000e+00]
 [1.31998557e-01 7.85535895e-01 3.00000000e+00]
 [1.27128427e-01 7.54046775e-01 7.00000000e+00]
 [1.03375893e-01 6.93790824e-01 3.41000000e+02]
 [1.19231394e-01 6.60603977e-01 1.30000000e+01]
 [1.23593074e-01 7.48965474e-01 9.00000000e+00]
 [1.09150345e-01 6.30642185e-01 1.89000000e+02]
 [1.02836388e-01 7.11931758e-01 2.25000000e+02]
 [1.12085137e-01 7.32399769e-01 1.30000000e+01]
 [1.27128427e-01 7.54046775e-01 7.00000000e+00]
 [1.24190524e-01 6.57110807e-01 1.90000000e+01]
 [1.04133468e-01 6.94880149e-01 3.35000000e+02]
 [1.07159193e-01 7.19249827e-01 7.70000000e+01]
 [1.03402868e-01 6.95303590e-01 3.13000000e+02]
 [1.02768464e-01 6.99996321e-01 3.71000000e+02]
 [1.03934971e-01 7.03468543e-01 2.37000000e+02]
 [1.08833345e-01 6.37373440e-01 1.83000000e+02]
 [1.20232469e-01 6.53303152e-01 2.10000000e+01]
 [1.06718375e-01 7.12028070e-01 1.13000000e+02]
 [1.00861280e-01 7.06353951e-01 2.89000000e+02]
 [1.05066241e-01 7.10580065e-01 1.39000000e+02]
 [1.11890867e-01 6.35796551e-01 1.57000000e+02]
 [1.06997366e-01 7.12174199e-01 1.01000000e+02]
 [1.07297305e-01 6.34844414e-01 3.45000000e+02]
 [1.17036436e-01 7.22008011e-01 1.70000000e+01]
 [1.13254760e-01 6.42644044e-01 5.10000000e+01]
 [1.10433832e-01 6.44134585e-01 1.27000000e+02]
 [1.08227267e-01 6.33404712e-01 3.11000000e+02]
 [1.03177396e-01 7.02379219e-01 2.41000000e+02]
 [1.02528049e-01 7.00273634e-01 2.67000000e+02]
 [1.03953530e-01 6.95376655e-01 1.73000000e+02]
 [1.16358632e-01 6.38676976e-01 6.50000000e+01]
 [1.04058234e-01 7.23504171e-01 1.07000000e+02]
 [1.02851334e-01 6.97613424e-01 3.61000000e+02]
 [1.01393387e-01 7.05060378e-01 2.99000000e+02]
 [1.07620851e-01 7.22260415e-01 2.70000000e+01]
 [1.14481311e-01 6.44683207e-01 3.70000000e+01]
 [1.12413212e-01 6.49725676e-01 3.70000000e+01]
 [1.03461133e-01 6.99792073e-01 2.75000000e+02]
 [1.08399572e-01 6.31021814e-01 3.05000000e+02]
 [1.23593074e-01 7.48965474e-01 9.00000000e+00]
 [1.01393387e-01 7.05060378e-01 2.99000000e+02]
 [1.07164808e-01 7.11231003e-01 8.70000000e+01]
 [1.09384090e-01 6.45748645e-01 1.21000000e+02]
 [1.07431457e-01 7.21632725e-01 6.70000000e+01]
 [1.02551191e-01 7.10769369e-01 2.55000000e+02]
 [1.08994223e-01 6.38740078e-01 1.55000000e+02]
 [1.11183261e-01 7.31091251e-01 1.50000000e+01]
 [1.07981539e-01 6.28617968e-01 3.45000000e+02]
 [1.04790455e-01 7.26830265e-01 9.50000000e+01]
 [1.03285624e-01 7.01362959e-01 2.61000000e+02]
 [1.12100359e-01 6.41196040e-01 5.30000000e+01]
 [1.04119271e-01 7.14095462e-01 1.31000000e+02]
 [1.07269428e-01 6.46333161e-01 1.47000000e+02]
 [1.00861280e-01 7.06353951e-01 2.89000000e+02]
 [1.19231394e-01 6.60603977e-01 1.30000000e+01]
 [1.08471142e-01 7.20412216e-01 5.90000000e+01]
 [1.11258811e-01 6.48277672e-01 3.90000000e+01]
 [1.24190524e-01 6.57110807e-01 1.90000000e+01]
 [1.02504396e-01 7.10769369e-01 2.57000000e+02]
 [1.03461133e-01 6.99792073e-01 2.75000000e+02]
 [1.18407287e-01 7.23894402e-01 1.10000000e+01]
 [1.00908075e-01 7.06353951e-01 2.87000000e+02]
 [1.07918779e-01 6.47203292e-01 1.45000000e+02]
 [1.06284176e-01 7.27677148e-01 3.50000000e+01]
 [1.21557046e-01 6.53258317e-01 2.10000000e+01]
 [1.09136003e-01 7.15923734e-01 4.50000000e+01]
 [1.05686323e-01 7.01626348e-01 1.63000000e+02]
 [1.02768464e-01 6.99996321e-01 3.71000000e+02]
 [1.09884556e-01 6.47188347e-01 4.70000000e+01]
 [1.05847470e-01 6.96188667e-01 1.65000000e+02]
 [1.06284176e-01 7.27677148e-01 3.50000000e+01]
 [1.18407287e-01 7.23894402e-01 1.10000000e+01]
 [1.05744887e-01 6.25423059e-01 3.57000000e+02]
 [1.21557046e-01 6.53258317e-01 2.10000000e+01]
 [1.11004296e-01 6.29926486e-01 2.29000000e+02]
 [1.08734739e-01 6.44878514e-01 1.23000000e+02]
 [1.13639763e-01 6.51764839e-01 2.50000000e+01]
 [1.09799696e-01 6.31512317e-01 1.87000000e+02]
 [1.13639763e-01 6.51764839e-01 2.50000000e+01]
 [1.09280303e-01 7.21574605e-01 4.10000000e+01]
 [1.04133468e-01 6.94880149e-01 3.35000000e+02]
 [1.05427591e-01 7.16705856e-01 8.30000000e+01]
 [1.07001871e-01 7.00165698e-01 1.33000000e+02]
 [1.04790455e-01 7.26830265e-01 9.50000000e+01]
 [1.05427591e-01 7.16705856e-01 8.30000000e+01]
 [1.15737734e-01 7.19895784e-01 2.10000000e+01]
 [1.11004296e-01 6.29926486e-01 2.29000000e+02]
 [1.09629971e-01 6.42081116e-01 1.39000000e+02]
 [1.20232469e-01 6.53303152e-01 2.10000000e+01]
 [1.04711106e-01 6.96465980e-01 1.69000000e+02]
 [1.10726104e-01 6.40106715e-01 6.10000000e+01]
 [1.03177396e-01 7.02379219e-01 2.41000000e+02]
 [1.05432607e-01 6.95026278e-01 1.85000000e+02]
 [1.10726104e-01 6.40106715e-01 6.10000000e+01]]
mean Objective 1 : 0.1107524859865036mean Objective 2 : 0.6899848084689368mean Objective 3 : 145.42