Solutions:
[[12 3 90 0 0 1 4 100]
 [8 2 92 0 5 1 4 0]
 [12 2 100 2 6 0 4 0]
 [12 3 90 0 0 0 0 100]
 [8 2 90 0 1 0 4 64]
 [8 2 80 0 4 0 4 64]
 [8 2 100 0 6 0 1 100]
 [3 1 11 0 3 0 0 58]
 [8 2 92 0 4 0 0 56]
 [3 2 100 0 6 0 0 53]
 [3 1 35 0 5 1 4 56]
 [3 2 100 0 6 0 2 12]
 [3 1 11 0 6 1 4 100]
 [3 1 87 0 4 0 4 0]
 [12 2 85 1 0 1 0 53]
 [3 3 87 0 4 1 0 0]
 [12 2 90 0 6 0 0 58]
 [3 2 100 0 4 0 0 56]
 [3 2 85 2 0 1 0 0]
 [3 2 100 2 4 0 0 0]
 [8 2 90 3 6 0 4 0]
 [8 2 90 0 6 0 4 0]
 [8 2 100 0 6 0 0 58]
 [12 3 90 0 0 0 4 64]
 [3 2 100 2 4 0 0 56]
 [3 2 85 0 4 0 4 64]
 [8 2 90 0 0 0 4 0]
 [3 2 92 0 6 0 2 12]
 [12 2 85 1 0 0 0 0]
 [8 2 90 0 6 0 0 0]
 [8 2 97 0 6 1 4 64]
 [8 2 92 0 0 1 4 64]
 [12 2 41 0 6 0 0 100]
 [3 2 100 2 4 0 3 53]
 [3 2 85 0 5 1 4 64]
 [8 2 90 0 0 0 4 80]
 [8 2 87 2 6 0 4 0]
 [12 2 100 0 6 0 0 56]
 [12 2 97 0 0 0 0 58]
 [12 2 100 0 6 0 0 100]
 [12 3 87 0 0 0 4 0]
 [12 2 92 0 6 1 0 56]
 [12 3 85 0 6 0 0 56]
 [3 3 87 0 4 0 4 64]
 [3 2 85 0 4 0 3 53]
 [3 2 41 0 6 0 0 58]
 [3 2 87 0 6 0 4 0]
 [8 2 100 0 6 0 0 53]
 [8 2 100 0 6 1 4 64]
 [3 3 85 0 0 1 4 64]
 [12 2 90 0 0 0 0 58]
 [12 2 41 0 5 1 0 80]
 [12 2 60 0 4 0 0 0]
 [12 2 41 0 6 1 0 0]
 [8 2 100 0 5 1 4 0]
 [12 2 11 0 6 0 4 0]
 [12 2 92 0 4 1 0 0]
 [12 3 90 2 6 0 0 42]
 [3 2 97 0 0 0 0 58]
 [3 2 35 0 6 1 4 64]
 [12 2 100 0 6 1 0 56]
 [8 2 85 0 0 1 4 64]
 [3 2 100 2 6 0 4 58]
 [12 3 92 0 0 1 4 64]
 [3 3 100 2 6 0 0 56]
 [3 3 90 0 0 0 0 58]
 [12 3 87 2 6 0 4 0]
 [3 1 100 2 6 0 4 0]
 [12 3 90 2 6 0 0 0]
 [12 2 90 0 0 0 0 100]
 [3 2 92 0 4 0 0 56]
 [3 2 97 0 4 0 0 58]
 [12 3 90 0 5 0 4 100]
 [3 1 35 0 0 1 4 64]
 [12 2 100 2 0 1 4 0]
 [12 3 90 2 6 0 0 100]
 [12 3 85 0 6 0 1 100]
 [3 3 100 2 4 0 0 56]
 [3 2 100 2 0 1 4 64]
 [12 3 90 0 6 0 4 64]
 [12 2 85 0 6 0 0 56]
 [8 2 92 0 6 0 2 12]
 [3 2 100 2 6 0 4 80]
 [12 3 90 2 6 1 4 100]
 [12 3 90 2 6 0 4 56]
 [3 3 87 0 4 0 0 100]
 [3 3 87 0 4 0 4 0]
 [3 3 100 2 5 1 4 56]
 [12 2 90 2 6 0 0 64]
 [3 2 90 0 6 0 0 56]
 [3 2 87 2 6 0 4 0]
 [3 2 85 0 6 0 4 0]
 [12 2 100 2 4 0 0 64]
 [12 3 80 0 0 0 0 0]
 [3 2 97 0 4 0 0 56]
 [12 3 80 0 0 1 0 53]
 [8 2 85 0 6 0 0 100]
 [3 2 87 2 6 0 0 58]
 [3 1 11 0 1 0 4 64]
 [3 3 100 2 5 0 4 0]]
Objective functions results:
[[ 0.16764706  0.16764706 19.        ]
 [ 0.5         0.5         1.        ]
 [ 0.5         0.5         1.        ]
 [ 0.16764706  0.16764706 19.        ]
 [ 0.34852941  0.34852941  3.        ]
 [ 0.34852941  0.34852941  3.        ]
 [ 0.29705882  0.29705882  5.        ]
 [ 0.26029412  0.26029412  7.        ]
 [ 0.29705882  0.29705882  5.        ]
 [ 0.20147059  0.20147059 11.        ]
 [ 0.23088235  0.23088235  9.        ]
 [ 0.23088235  0.23088235  9.        ]
 [ 0.26029412  0.26029412  7.        ]
 [ 0.17205882  0.17205882 17.        ]
 [ 0.19705882  0.19705882 13.        ]
 [ 0.17205882  0.17205882 17.        ]
 [ 0.19705882  0.19705882 13.        ]
 [ 0.20147059  0.20147059 11.        ]
 [ 0.20147059  0.20147059 11.        ]
 [ 0.20147059  0.20147059 11.        ]
 [ 0.5         0.5         1.        ]
 [ 0.5         0.5         1.        ]
 [ 0.29705882  0.29705882  5.        ]
 [ 0.16764706  0.16764706 19.        ]
 [ 0.20147059  0.20147059 11.        ]
 [ 0.23088235  0.23088235  9.        ]
 [ 0.5         0.5         1.        ]
 [ 0.23088235  0.23088235  9.        ]
 [ 0.19705882  0.19705882 13.        ]
 [ 0.29705882  0.29705882  5.        ]
 [ 0.34852941  0.34852941  3.        ]
 [ 0.34852941  0.34852941  3.        ]
 [ 0.16764706  0.16764706 19.        ]
 [ 0.23088235  0.23088235  9.        ]
 [ 0.23088235  0.23088235  9.        ]
 [ 0.29705882  0.29705882  5.        ]
 [ 0.5         0.5         1.        ]
 [ 0.19705882  0.19705882 13.        ]
 [ 0.19705882  0.19705882 13.        ]
 [ 0.19705882  0.19705882 13.        ]
 [ 0.16764706  0.16764706 19.        ]
 [ 0.19705882  0.19705882 13.        ]
 [ 0.16764706  0.16764706 19.        ]
 [ 0.17205882  0.17205882 17.        ]
 [ 0.23088235  0.23088235  9.        ]
 [ 0.17205882  0.17205882 17.        ]
 [ 0.5         0.5         1.        ]
 [ 0.29705882  0.29705882  5.        ]
 [ 0.34852941  0.34852941  3.        ]
 [ 0.17205882  0.17205882 17.        ]
 [ 0.19705882  0.19705882 13.        ]
 [ 0.16764706  0.16764706 19.        ]
 [ 0.16764706  0.16764706 19.        ]
 [ 0.16764706  0.16764706 19.        ]
 [ 0.5         0.5         1.        ]
 [ 0.16764706  0.16764706 19.        ]
 [ 0.19705882  0.19705882 13.        ]
 [ 0.16764706  0.16764706 19.        ]
 [ 0.20147059  0.20147059 11.        ]
 [ 0.17205882  0.17205882 17.        ]
 [ 0.19705882  0.19705882 13.        ]
 [ 0.34852941  0.34852941  3.        ]
 [ 0.23088235  0.23088235  9.        ]
 [ 0.16764706  0.16764706 19.        ]
 [ 0.17205882  0.17205882 17.        ]
 [ 0.17205882  0.17205882 17.        ]
 [ 0.16764706  0.16764706 19.        ]
 [ 0.17205882  0.17205882 17.        ]
 [ 0.16764706  0.16764706 19.        ]
 [ 0.19705882  0.19705882 13.        ]
 [ 0.20147059  0.20147059 11.        ]
 [ 0.20147059  0.20147059 11.        ]
 [ 0.16764706  0.16764706 19.        ]
 [ 0.23088235  0.23088235  9.        ]
 [ 0.5         0.5         1.        ]
 [ 0.16764706  0.16764706 19.        ]
 [ 0.16764706  0.16764706 19.        ]
 [ 0.17205882  0.17205882 17.        ]
 [ 0.23088235  0.23088235  9.        ]
 [ 0.16764706  0.16764706 19.        ]
 [ 0.19705882  0.19705882 13.        ]
 [ 0.29705882  0.29705882  5.        ]
 [ 0.23088235  0.23088235  9.        ]
 [ 0.16764706  0.16764706 19.        ]
 [ 0.16764706  0.16764706 19.        ]
 [ 0.17205882  0.17205882 17.        ]
 [ 0.17205882  0.17205882 17.        ]
 [ 0.17205882  0.17205882 17.        ]
 [ 0.19705882  0.19705882 13.        ]
 [ 0.20147059  0.20147059 11.        ]
 [ 0.5         0.5         1.        ]
 [ 0.5         0.5         1.        ]
 [ 0.19705882  0.19705882 13.        ]
 [ 0.16764706  0.16764706 19.        ]
 [ 0.20147059  0.20147059 11.        ]
 [ 0.16764706  0.16764706 19.        ]
 [ 0.29705882  0.29705882  5.        ]
 [ 0.20147059  0.20147059 11.        ]
 [ 0.26029412  0.26029412  7.        ]
 [ 0.17205882  0.17205882 17.        ]]
mean Objective 1 : 0.24360294117647066mean Objective 2 : 0.24360294117647066mean Objective 3 : 11.48