Solutions:
[[10 4 39 2 3 0 4 43]
 [12 0 89 3 6 1 0 32]
 [9 0 2 0 2 1 4 43]
 [0 4 2 0 2 0 5 61]
 [12 4 3 3 0 0 5 49]
 [0 4 88 0 2 1 0 49]
 [6 0 38 2 2 1 4 43]
 [10 1 64 0 0 0 4 43]
 [3 2 2 0 2 1 4 43]
 [1 2 2 0 0 0 5 49]
 [10 1 2 0 3 0 0 43]
 [10 4 38 1 3 0 5 49]
 [1 2 36 0 0 0 4 5]
 [12 1 38 3 6 0 4 32]
 [3 4 38 0 0 1 4 43]
 [0 0 2 0 2 1 5 61]
 [1 2 38 2 3 0 5 49]
 [10 1 2 3 6 0 5 61]
 [11 0 38 0 0 1 5 43]
 [1 0 38 0 2 1 4 71]
 [1 0 99 3 6 0 4 32]
 [8 2 2 0 0 0 5 14]
 [12 1 2 0 3 0 0 43]
 [0 0 2 0 2 0 5 49]
 [4 1 2 2 3 0 5 49]
 [2 2 2 0 2 0 5 61]
 [1 2 38 0 3 0 4 43]
 [1 4 88 0 4 0 5 76]
 [0 2 2 0 0 0 5 14]
 [0 4 88 0 4 0 5 61]
 [0 0 38 0 1 0 5 76]
 [0 0 2 2 0 0 4 37]
 [10 0 38 0 6 0 4 71]
 [9 0 36 0 2 1 5 71]
 [5 0 38 0 6 0 4 71]
 [3 4 39 0 2 0 5 49]
 [9 2 38 1 3 0 5 21]
 [9 0 2 2 3 0 5 61]
 [1 2 38 1 3 0 4 5]
 [1 2 36 0 0 0 4 83]
 [12 4 38 2 3 0 5 32]
 [10 1 2 0 3 0 5 76]
 [0 2 87 0 1 0 4 32]
 [0 0 87 0 1 0 5 21]
 [0 2 38 2 3 0 5 32]
 [11 0 38 0 3 0 5 61]
 [2 2 2 0 2 0 5 43]
 [11 0 38 0 3 0 5 49]
 [11 0 38 0 0 1 5 21]
 [12 0 63 0 3 0 5 21]
 [1 0 99 1 6 0 5 32]
 [5 4 2 0 3 0 5 61]
 [9 0 38 2 3 0 5 49]
 [11 2 2 1 3 0 5 43]
 [0 0 38 1 0 1 5 21]
 [3 2 2 3 6 0 5 43]
 [9 0 2 3 6 0 5 43]
 [10 1 2 0 3 0 5 32]
 [1 2 2 2 3 0 5 61]
 [1 2 38 2 2 1 4 43]
 [0 1 2 0 3 1 4 43]
 [1 2 2 3 6 0 5 43]
 [0 4 88 1 0 0 4 5]
 [3 4 39 0 2 1 4 21]
 [11 0 38 0 0 1 4 43]
 [0 4 2 2 3 0 4 5]
 [9 0 36 0 2 1 5 43]
 [3 4 39 0 2 1 4 43]
 [10 2 2 0 0 0 5 14]
 [9 2 38 1 3 0 5 76]
 [9 2 2 3 6 0 5 49]
 [12 0 89 3 3 0 0 65]
 [5 0 38 0 0 0 4 32]
 [0 4 88 0 2 0 0 65]
 [1 2 2 0 6 0 4 49]
 [0 0 38 0 6 0 5 32]
 [1 2 2 2 3 0 5 49]
 [0 4 2 2 1 0 5 76]
 [0 4 88 0 4 0 5 76]
 [10 4 38 2 3 0 5 32]
 [0 4 63 0 1 1 4 43]
 [8 2 87 0 1 0 4 32]
 [0 0 3 3 6 0 5 32]
 [10 4 38 1 6 0 5 61]
 [11 2 2 3 3 0 5 32]
 [3 4 88 0 4 0 4 37]
 [0 0 38 0 2 0 5 43]
 [10 0 2 3 6 0 5 61]
 [0 4 63 0 0 1 5 21]
 [3 4 39 0 3 0 4 21]
 [1 2 38 2 3 0 0 65]
 [0 4 88 0 4 0 4 37]
 [9 2 38 0 0 0 4 32]
 [9 0 38 1 0 1 5 21]
 [11 1 38 2 3 0 5 32]
 [11 2 2 2 3 0 5 49]
 [1 2 38 2 3 0 5 21]
 [12 0 89 2 2 1 4 43]
 [12 1 16 0 2 1 4 43]
 [0 0 2 2 3 0 4 43]]
Objective functions results:
[[1. 0. 0.]
 [1. 0. 0.]
 [1. 0. 0.]
 [1. 0. 0.]
 [1. 0. 0.]
 [1. 0. 0.]
 [1. 0. 0.]
 [1. 0. 0.]
 [1. 0. 0.]
 [1. 0. 0.]
 [1. 0. 0.]
 [1. 0. 0.]
 [1. 0. 0.]
 [1. 0. 0.]
 [1. 0. 0.]
 [1. 0. 0.]
 [1. 0. 0.]
 [1. 0. 0.]
 [1. 0. 0.]
 [1. 0. 0.]
 [1. 0. 0.]
 [1. 0. 0.]
 [1. 0. 0.]
 [1. 0. 0.]
 [1. 0. 0.]
 [1. 0. 0.]
 [1. 0. 0.]
 [1. 0. 0.]
 [1. 0. 0.]
 [1. 0. 0.]
 [1. 0. 0.]
 [1. 0. 0.]
 [1. 0. 0.]
 [1. 0. 0.]
 [1. 0. 0.]
 [1. 0. 0.]
 [1. 0. 0.]
 [1. 0. 0.]
 [1. 0. 0.]
 [1. 0. 0.]
 [1. 0. 0.]
 [1. 0. 0.]
 [1. 0. 0.]
 [1. 0. 0.]
 [1. 0. 0.]
 [1. 0. 0.]
 [1. 0. 0.]
 [1. 0. 0.]
 [1. 0. 0.]
 [1. 0. 0.]
 [1. 0. 0.]
 [1. 0. 0.]
 [1. 0. 0.]
 [1. 0. 0.]
 [1. 0. 0.]
 [1. 0. 0.]
 [1. 0. 0.]
 [1. 0. 0.]
 [1. 0. 0.]
 [1. 0. 0.]
 [1. 0. 0.]
 [1. 0. 0.]
 [1. 0. 0.]
 [1. 0. 0.]
 [1. 0. 0.]
 [1. 0. 0.]
 [1. 0. 0.]
 [1. 0. 0.]
 [1. 0. 0.]
 [1. 0. 0.]
 [1. 0. 0.]
 [1. 0. 0.]
 [1. 0. 0.]
 [1. 0. 0.]
 [1. 0. 0.]
 [1. 0. 0.]
 [1. 0. 0.]
 [1. 0. 0.]
 [1. 0. 0.]
 [1. 0. 0.]
 [1. 0. 0.]
 [1. 0. 0.]
 [1. 0. 0.]
 [1. 0. 0.]
 [1. 0. 0.]
 [1. 0. 0.]
 [1. 0. 0.]
 [1. 0. 0.]
 [1. 0. 0.]
 [1. 0. 0.]
 [1. 0. 0.]
 [1. 0. 0.]
 [1. 0. 0.]
 [1. 0. 0.]
 [1. 0. 0.]
 [1. 0. 0.]
 [1. 0. 0.]
 [1. 0. 0.]
 [1. 0. 0.]
 [1. 0. 0.]]
mean Objective 1 : 1.0mean Objective 2 : 0.0mean Objective 3 : 0.0