Solutions:
[[1 1 0 3 0 0 4 35]
 [1 1 0 3 0 0 2 69]
 [8 0 0 2 5 0 4 69]
 [9 1 45 2 5 0 4 69]
 [8 1 0 3 0 0 4 2]
 [9 1 12 3 5 1 4 40]
 [7 1 23 3 6 0 4 38]
 [8 1 0 3 6 1 5 38]
 [7 1 23 2 0 1 4 3]
 [8 3 16 3 6 0 4 38]
 [8 1 12 3 5 1 4 40]
 [11 3 16 3 1 0 4 3]
 [8 3 12 2 6 0 4 69]
 [11 1 23 3 1 0 4 69]
 [8 1 23 2 5 1 5 2]
 [9 1 45 2 2 1 5 35]
 [9 4 0 3 0 0 5 38]
 [9 3 12 2 0 0 4 40]
 [8 1 0 2 1 0 4 40]
 [1 1 0 3 5 1 5 3]
 [9 3 12 2 0 1 5 3]
 [1 1 0 3 5 0 4 40]
 [8 1 12 2 2 1 5 35]
 [9 1 0 3 5 1 5 38]
 [8 3 16 3 0 1 4 40]
 [8 1 12 2 6 0 4 3]
 [8 3 0 3 0 0 5 38]
 [8 1 23 2 0 0 4 40]
 [1 1 0 3 5 0 5 38]
 [8 1 23 2 0 0 5 38]
 [1 1 0 3 5 1 5 35]
 [9 1 45 2 6 0 4 69]
 [8 3 58 3 6 1 4 69]
 [1 1 0 2 5 0 0 35]
 [8 1 0 3 5 1 5 38]
 [7 1 23 2 5 0 4 35]
 [8 1 23 2 6 1 4 15]
 [8 3 0 3 2 0 5 38]
 [7 1 12 3 5 1 4 69]
 [9 3 12 2 6 1 4 69]
 [8 3 0 3 0 0 4 69]
 [9 1 0 2 1 0 4 40]
 [11 1 23 3 1 0 4 3]
 [9 1 45 2 5 0 4 40]
 [8 1 12 2 6 1 5 2]
 [9 1 45 2 5 0 5 38]
 [8 3 43 3 5 0 5 35]
 [9 1 0 2 1 0 5 38]
 [7 1 23 3 0 0 4 69]
 [8 3 0 3 5 0 5 38]
 [8 3 12 2 6 1 4 15]
 [8 1 16 3 1 0 4 3]
 [11 1 23 2 6 1 4 3]
 [9 1 92 3 0 1 4 40]
 [8 1 23 2 0 0 4 69]
 [7 1 23 2 5 0 4 38]
 [8 3 12 2 6 1 5 38]
 [8 1 12 3 0 1 5 35]
 [8 4 0 2 1 0 5 38]
 [8 3 16 2 2 1 4 15]
 [8 3 16 3 5 0 4 69]
 [8 1 12 3 0 0 4 35]
 [11 1 23 2 2 0 4 69]
 [8 0 12 2 2 1 4 40]
 [1 1 0 2 2 1 5 38]
 [11 1 23 2 5 0 4 69]
 [8 1 23 2 0 0 4 3]
 [8 1 16 3 5 0 4 40]
 [11 1 23 2 6 1 5 35]
 [8 1 0 3 5 0 4 69]
 [11 1 23 2 0 1 5 3]
 [7 1 23 3 0 1 4 40]
 [8 3 43 1 5 0 5 35]
 [8 3 45 2 5 1 5 35]
 [9 3 12 2 1 1 4 40]
 [9 1 0 2 0 0 4 35]
 [9 1 28 2 5 0 4 69]
 [8 1 0 3 0 0 4 35]
 [9 1 28 2 1 0 4 40]
 [8 3 16 3 6 0 5 38]
 [9 1 92 3 1 0 5 38]
 [8 1 12 3 4 0 4 3]
 [8 1 12 3 0 1 5 38]
 [8 1 23 0 1 0 4 40]
 [8 1 23 2 0 1 5 3]
 [8 1 12 2 2 1 4 40]
 [8 3 16 2 2 1 4 40]
 [8 3 99 2 0 1 4 38]
 [1 1 0 3 5 0 4 3]
 [8 1 12 2 5 0 4 69]
 [9 1 0 3 5 0 5 2]
 [7 1 16 2 1 0 4 40]
 [8 1 0 3 0 0 2 61]
 [8 3 16 2 5 1 4 3]
 [8 1 23 2 1 0 4 38]
 [8 3 12 2 6 0 4 38]
 [7 1 23 3 0 1 5 38]
 [8 1 12 3 1 1 4 3]
 [8 4 12 2 2 1 5 38]
 [8 3 23 3 1 0 4 3]]
Objective functions results:
[[1.03896104e-01 6.12244898e-01 5.00000000e+00]
 [1.03896104e-01 6.12244898e-01 5.00000000e+00]
 [3.24675325e-03 1.78571429e-02 2.10000000e+01]
 [3.24675325e-03 1.78571429e-02 2.10000000e+01]
 [7.46753247e-02 4.28571429e-01 7.00000000e+00]
 [2.95983087e-02 1.78571429e-01 1.10000000e+01]
 [5.52703111e-02 3.23979592e-01 9.00000000e+00]
 [7.46753247e-02 4.28571429e-01 7.00000000e+00]
 [5.52703111e-02 3.23979592e-01 9.00000000e+00]
 [1.66112957e-02 9.69387755e-02 1.30000000e+01]
 [2.95983087e-02 1.78571429e-01 1.10000000e+01]
 [1.31380248e-02 7.65306122e-02 1.50000000e+01]
 [6.56901238e-03 3.57142857e-02 1.70000000e+01]
 [1.31380248e-02 7.65306122e-02 1.50000000e+01]
 [1.66112957e-02 9.69387755e-02 1.30000000e+01]
 [6.49350649e-03 3.57142857e-02 1.90000000e+01]
 [6.49350649e-03 3.57142857e-02 1.90000000e+01]
 [6.56901238e-03 3.57142857e-02 1.70000000e+01]
 [7.46753247e-02 4.28571429e-01 7.00000000e+00]
 [1.03896104e-01 6.12244898e-01 5.00000000e+00]
 [1.66112957e-02 9.69387755e-02 1.30000000e+01]
 [1.03896104e-01 6.12244898e-01 5.00000000e+00]
 [2.95983087e-02 1.78571429e-01 1.10000000e+01]
 [7.46753247e-02 4.28571429e-01 7.00000000e+00]
 [6.56901238e-03 3.57142857e-02 1.70000000e+01]
 [2.95983087e-02 1.78571429e-01 1.10000000e+01]
 [6.49350649e-03 3.57142857e-02 1.90000000e+01]
 [1.66112957e-02 9.69387755e-02 1.30000000e+01]
 [1.03896104e-01 6.12244898e-01 5.00000000e+00]
 [1.66112957e-02 9.69387755e-02 1.30000000e+01]
 [1.03896104e-01 6.12244898e-01 5.00000000e+00]
 [3.24675325e-03 1.78571429e-02 2.10000000e+01]
 [1.66112957e-02 9.69387755e-02 1.30000000e+01]
 [1.03896104e-01 6.12244898e-01 5.00000000e+00]
 [7.46753247e-02 4.28571429e-01 7.00000000e+00]
 [5.52703111e-02 3.23979592e-01 9.00000000e+00]
 [1.66112957e-02 9.69387755e-02 1.30000000e+01]
 [6.49350649e-03 3.57142857e-02 1.90000000e+01]
 [5.52703111e-02 3.23979592e-01 9.00000000e+00]
 [6.56901238e-03 3.57142857e-02 1.70000000e+01]
 [3.24675325e-03 1.78571429e-02 2.10000000e+01]
 [7.46753247e-02 4.28571429e-01 7.00000000e+00]
 [1.31380248e-02 7.65306122e-02 1.50000000e+01]
 [3.24675325e-03 1.78571429e-02 2.10000000e+01]
 [2.95983087e-02 1.78571429e-01 1.10000000e+01]
 [6.49350649e-03 3.57142857e-02 1.90000000e+01]
 [6.56901238e-03 3.57142857e-02 1.70000000e+01]
 [7.46753247e-02 4.28571429e-01 7.00000000e+00]
 [5.52703111e-02 3.23979592e-01 9.00000000e+00]
 [6.49350649e-03 3.57142857e-02 1.90000000e+01]
 [1.66112957e-02 9.69387755e-02 1.30000000e+01]
 [1.66112957e-02 9.69387755e-02 1.30000000e+01]
 [1.31380248e-02 7.65306122e-02 1.50000000e+01]
 [3.24675325e-03 1.78571429e-02 2.10000000e+01]
 [1.66112957e-02 9.69387755e-02 1.30000000e+01]
 [5.52703111e-02 3.23979592e-01 9.00000000e+00]
 [6.56901238e-03 3.57142857e-02 1.70000000e+01]
 [2.95983087e-02 1.78571429e-01 1.10000000e+01]
 [6.49350649e-03 3.57142857e-02 1.90000000e+01]
 [1.66112957e-02 9.69387755e-02 1.30000000e+01]
 [6.56901238e-03 3.57142857e-02 1.70000000e+01]
 [2.95983087e-02 1.78571429e-01 1.10000000e+01]
 [1.31380248e-02 7.65306122e-02 1.50000000e+01]
 [3.24675325e-03 1.78571429e-02 2.10000000e+01]
 [1.03896104e-01 6.12244898e-01 5.00000000e+00]
 [1.31380248e-02 7.65306122e-02 1.50000000e+01]
 [1.66112957e-02 9.69387755e-02 1.30000000e+01]
 [1.66112957e-02 9.69387755e-02 1.30000000e+01]
 [1.31380248e-02 7.65306122e-02 1.50000000e+01]
 [7.46753247e-02 4.28571429e-01 7.00000000e+00]
 [1.31380248e-02 7.65306122e-02 1.50000000e+01]
 [5.52703111e-02 3.23979592e-01 9.00000000e+00]
 [6.56901238e-03 3.57142857e-02 1.70000000e+01]
 [6.56901238e-03 3.57142857e-02 1.70000000e+01]
 [6.56901238e-03 3.57142857e-02 1.70000000e+01]
 [7.46753247e-02 4.28571429e-01 7.00000000e+00]
 [3.24675325e-03 1.78571429e-02 2.10000000e+01]
 [7.46753247e-02 4.28571429e-01 7.00000000e+00]
 [3.24675325e-03 1.78571429e-02 2.10000000e+01]
 [6.56901238e-03 3.57142857e-02 1.70000000e+01]
 [6.49350649e-03 3.57142857e-02 1.90000000e+01]
 [2.95983087e-02 1.78571429e-01 1.10000000e+01]
 [2.95983087e-02 1.78571429e-01 1.10000000e+01]
 [1.66112957e-02 9.69387755e-02 1.30000000e+01]
 [1.66112957e-02 9.69387755e-02 1.30000000e+01]
 [2.95983087e-02 1.78571429e-01 1.10000000e+01]
 [6.56901238e-03 3.57142857e-02 1.70000000e+01]
 [1.66112957e-02 9.69387755e-02 1.30000000e+01]
 [1.03896104e-01 6.12244898e-01 5.00000000e+00]
 [2.95983087e-02 1.78571429e-01 1.10000000e+01]
 [7.46753247e-02 4.28571429e-01 7.00000000e+00]
 [5.52703111e-02 3.23979592e-01 9.00000000e+00]
 [7.46753247e-02 4.28571429e-01 7.00000000e+00]
 [1.66112957e-02 9.69387755e-02 1.30000000e+01]
 [1.66112957e-02 9.69387755e-02 1.30000000e+01]
 [1.66112957e-02 9.69387755e-02 1.30000000e+01]
 [5.52703111e-02 3.23979592e-01 9.00000000e+00]
 [2.95983087e-02 1.78571429e-01 1.10000000e+01]
 [6.49350649e-03 3.57142857e-02 1.90000000e+01]
 [1.66112957e-02 9.69387755e-02 1.30000000e+01]]
mean Objective 1 : 0.03287601932950768mean Objective 2 : 0.19173469387755102mean Objective 3 : 12.86