Solutions:
[[5 1 0 0 3 1 0 100]
 [12 1 87 2 2 0 2 57]
 [5 1 0 2 2 0 2 57]
 [12 1 87 0 0 0 2 57]
 [12 1 0 2 2 0 2 57]
 [12 1 15 2 2 1 4 79]
 [1 1 15 2 6 0 5 64]
 [12 3 55 1 6 0 1 73]
 [12 1 0 2 0 1 2 57]
 [8 3 50 2 2 0 5 64]
 [7 3 54 2 6 1 2 57]
 [12 3 47 2 0 1 2 57]
 [10 2 37 0 3 0 4 2]
 [12 1 87 2 0 1 5 73]
 [12 1 87 0 0 0 2 91]
 [12 2 59 0 3 0 5 64]
 [7 3 68 1 6 0 5 64]
 [1 1 15 2 0 1 0 41]
 [12 1 15 2 6 1 4 79]
 [7 3 53 1 3 0 0 57]
 [0 2 59 0 3 0 0 100]
 [7 3 15 1 0 1 5 91]
 [7 3 1 0 3 0 4 2]
 [10 3 47 0 3 1 4 30]
 [7 1 15 2 2 1 4 79]
 [7 3 37 0 3 1 3 30]
 [12 1 87 0 3 0 5 91]
 [7 3 31 2 2 0 2 57]
 [10 2 37 0 0 1 4 2]
 [0 1 87 1 0 1 5 73]
 [0 3 1 0 3 0 0 79]
 [12 1 15 2 0 1 0 41]
 [7 3 54 2 6 0 2 57]
 [8 3 15 1 0 0 5 64]
 [0 3 1 0 3 0 0 57]
 [12 3 55 1 3 0 5 64]
 [7 3 53 1 6 0 0 91]
 [10 2 37 0 0 1 2 57]
 [11 1 87 2 6 1 2 57]
 [7 3 87 0 3 0 5 64]
 [3 3 1 0 3 0 5 64]
 [10 3 31 2 4 0 0 73]
 [11 2 59 0 6 0 0 73]
 [11 2 31 1 0 1 5 73]
 [7 3 1 2 3 0 4 2]
 [10 3 1 2 3 0 5 73]
 [10 2 37 0 3 1 3 57]
 [11 1 87 1 0 1 5 73]
 [0 1 87 0 0 0 2 57]
 [12 1 87 0 3 0 4 73]
 [12 1 87 0 0 0 2 79]
 [10 3 37 0 2 1 4 2]
 [10 2 31 2 0 1 2 57]
 [3 1 87 0 3 0 4 73]
 [0 3 6 2 4 0 0 30]
 [11 2 31 2 2 0 2 57]
 [0 3 6 1 0 1 0 57]
 [3 3 1 0 6 1 5 91]
 [11 1 65 0 3 1 5 64]
 [3 2 31 2 2 0 5 57]
 [11 1 65 0 3 1 5 57]
 [10 2 31 0 3 1 2 73]
 [12 2 59 2 2 0 5 64]
 [11 2 59 0 3 0 5 73]
 [12 1 87 2 2 0 4 73]
 [7 3 47 2 2 1 2 57]
 [7 1 15 2 3 0 4 79]
 [11 2 31 1 2 0 2 57]
 [7 1 54 2 0 0 4 2]
 [8 3 50 0 3 0 5 64]
 [12 1 15 2 3 1 3 30]
 [12 3 47 0 3 1 2 73]
 [10 2 33 2 0 1 3 30]
 [11 2 68 1 6 0 1 73]
 [7 1 15 2 6 1 4 73]
 [7 1 15 2 3 1 3 30]
 [11 2 59 2 3 0 5 64]
 [10 1 54 2 6 1 4 2]
 [11 2 68 2 2 0 1 79]
 [10 3 1 0 3 0 5 73]
 [12 3 1 0 3 0 5 73]
 [4 2 33 2 3 0 2 57]
 [12 3 1 0 3 0 5 91]
 [11 1 87 1 0 1 5 30]
 [0 3 55 1 6 0 1 73]
 [11 3 47 0 3 1 2 73]
 [8 3 15 1 0 0 5 57]
 [10 3 47 0 0 1 4 2]
 [11 2 31 1 0 1 2 41]
 [8 3 50 2 6 1 3 100]
 [12 2 59 0 3 0 5 79]
 [7 3 68 1 6 0 2 57]
 [7 3 54 2 6 1 3 30]
 [11 2 31 0 0 0 2 57]
 [7 1 15 0 3 1 3 30]
 [12 3 68 1 6 0 2 91]
 [11 1 0 2 2 0 2 57]
 [3 3 1 0 3 0 5 73]
 [12 1 0 2 0 0 4 2]
 [5 1 0 2 2 0 5 64]]
Objective functions results:
[[2.50000000e-01 7.50000000e-01 1.00000000e+00]
 [5.89709568e-03 1.05894218e-02 8.90000000e+01]
 [2.50000000e-01 7.50000000e-01 1.00000000e+00]
 [5.89709568e-03 1.05894218e-02 8.90000000e+01]
 [7.12074303e-02 5.51546392e-01 5.00000000e+00]
 [5.10835913e-02 5.29209622e-01 9.00000000e+00]
 [4.20465300e-02 3.53139474e-01 1.10000000e+01]
 [3.36871591e-02 3.09021552e-01 1.70000000e+01]
 [7.12074303e-02 5.51546392e-01 5.00000000e+00]
 [2.52100840e-02 2.06360657e-01 2.30000000e+01]
 [3.63705754e-02 2.20666648e-01 1.50000000e+01]
 [2.71893562e-02 1.34389474e-01 2.30000000e+01]
 [1.68067227e-02 9.08318392e-02 4.10000000e+01]
 [9.80392157e-03 7.66659196e-02 7.70000000e+01]
 [9.15535994e-03 1.51650979e-02 8.50000000e+01]
 [1.71164391e-02 9.01128044e-02 4.90000000e+01]
 [3.86557000e-02 3.16454691e-01 1.30000000e+01]
 [4.20465300e-02 3.53139474e-01 1.10000000e+01]
 [5.10835913e-02 5.29209622e-01 9.00000000e+00]
 [2.98540469e-02 2.11515296e-01 1.90000000e+01]
 [1.47576008e-02 6.81939153e-02 5.90000000e+01]
 [2.19705454e-02 1.08275437e-01 3.50000000e+01]
 [1.80598555e-02 9.62666218e-02 3.70000000e+01]
 [2.20772520e-02 1.28235657e-01 2.50000000e+01]
 [4.98601818e-02 5.29769909e-01 9.00000000e+00]
 [2.06915534e-02 1.27656694e-01 2.90000000e+01]
 [9.80392157e-03 7.66659196e-02 7.70000000e+01]
 [1.89592815e-02 1.32412128e-01 3.10000000e+01]
 [1.68067227e-02 9.08318392e-02 4.10000000e+01]
 [1.04304880e-02 7.56667414e-02 7.30000000e+01]
 [1.25830468e-02 3.42265240e-02 6.50000000e+01]
 [4.43387881e-02 3.14535709e-01 1.10000000e+01]
 [3.63705754e-02 2.20666648e-01 1.50000000e+01]
 [2.19705454e-02 1.08275437e-01 3.50000000e+01]
 [1.25830468e-02 3.42265240e-02 6.50000000e+01]
 [3.36871591e-02 3.09021552e-01 1.70000000e+01]
 [2.98540469e-02 2.11515296e-01 1.90000000e+01]
 [1.41310344e-02 2.30371283e-02 6.10000000e+01]
 [8.53979113e-03 1.23076348e-02 8.70000000e+01]
 [3.86557000e-02 3.16454691e-01 1.30000000e+01]
 [1.52367399e-02 8.19606305e-02 5.70000000e+01]
 [1.89592815e-02 1.32412128e-01 3.10000000e+01]
 [1.47576008e-02 6.81939153e-02 5.90000000e+01]
 [1.36887522e-02 8.02424175e-02 6.30000000e+01]
 [1.80598555e-02 9.62666218e-02 3.70000000e+01]
 [1.74112939e-02 8.63962349e-02 5.30000000e+01]
 [1.41310344e-02 2.30371283e-02 6.10000000e+01]
 [1.04304880e-02 7.56667414e-02 7.30000000e+01]
 [8.53979113e-03 1.23076348e-02 8.70000000e+01]
 [1.05779154e-02 7.75250261e-02 6.90000000e+01]
 [9.15535994e-03 1.51650979e-02 8.50000000e+01]
 [2.06915534e-02 1.27656694e-01 2.90000000e+01]
 [1.11824866e-02 1.77424175e-02 6.70000000e+01]
 [1.12044818e-02 7.65258479e-02 6.50000000e+01]
 [1.97481369e-02 8.09217653e-02 5.50000000e+01]
 [1.05559202e-02 1.50250261e-02 7.10000000e+01]
 [1.97481369e-02 8.09217653e-02 5.50000000e+01]
 [1.52367399e-02 8.19606305e-02 5.70000000e+01]
 [1.91215705e-02 8.92536979e-02 5.10000000e+01]
 [1.36887522e-02 8.02424175e-02 6.30000000e+01]
 [1.91215705e-02 8.92536979e-02 5.10000000e+01]
 [1.11824866e-02 1.77424175e-02 6.70000000e+01]
 [1.71164391e-02 9.01128044e-02 4.90000000e+01]
 [1.63424453e-02 8.92536979e-02 5.30000000e+01]
 [1.05779154e-02 7.75250261e-02 6.90000000e+01]
 [2.20772520e-02 1.28235657e-01 2.50000000e+01]
 [4.98601818e-02 5.29769909e-01 9.00000000e+00]
 [1.05559202e-02 1.50250261e-02 7.10000000e+01]
 [1.89812767e-02 1.24799231e-01 3.10000000e+01]
 [2.52100840e-02 2.06360657e-01 2.30000000e+01]
 [4.43387881e-02 3.14535709e-01 1.10000000e+01]
 [2.71893562e-02 1.34389474e-01 2.30000000e+01]
 [1.27304742e-02 1.94606305e-02 6.50000000e+01]
 [1.80158651e-02 7.27695914e-02 5.70000000e+01]
 [4.31153786e-02 3.15095996e-01 1.10000000e+01]
 [4.31153786e-02 3.15095996e-01 1.10000000e+01]
 [1.63424453e-02 8.92536979e-02 5.30000000e+01]
 [1.89812767e-02 1.24799231e-01 3.10000000e+01]
 [1.80158651e-02 7.27695914e-02 5.70000000e+01]
 [1.74112939e-02 8.63962349e-02 5.30000000e+01]
 [1.64898727e-02 8.73954131e-02 5.30000000e+01]
 [1.27304742e-02 1.94606305e-02 6.50000000e+01]
 [1.64898727e-02 8.73954131e-02 5.30000000e+01]
 [1.12044818e-02 7.65258479e-02 6.50000000e+01]
 [3.36871591e-02 3.09021552e-01 1.70000000e+01]
 [2.71893562e-02 1.34389474e-01 2.30000000e+01]
 [2.19705454e-02 1.08275437e-01 3.50000000e+01]
 [2.20772520e-02 1.28235657e-01 2.50000000e+01]
 [1.05559202e-02 1.50250261e-02 7.10000000e+01]
 [2.52100840e-02 2.06360657e-01 2.30000000e+01]
 [1.71164391e-02 9.01128044e-02 4.90000000e+01]
 [3.86557000e-02 3.16454691e-01 1.30000000e+01]
 [3.63705754e-02 2.20666648e-01 1.50000000e+01]
 [1.05559202e-02 1.50250261e-02 7.10000000e+01]
 [4.31153786e-02 3.15095996e-01 1.10000000e+01]
 [3.36871591e-02 3.09021552e-01 1.70000000e+01]
 [7.12074303e-02 5.51546392e-01 5.00000000e+00]
 [1.52367399e-02 8.19606305e-02 5.70000000e+01]
 [7.12074303e-02 5.51546392e-01 5.00000000e+00]
 [2.50000000e-01 7.50000000e-01 1.00000000e+00]]
mean Objective 1 : 0.030776151717053547mean Objective 2 : 0.17763979157328552mean Objective 3 : 40.78