Solutions:
[[0 1 0 1 5 1 1 41]
 [1 1 0 0 0 0 4 56]
 [3 1 0 3 1 1 2 96]
 [1 1 0 0 5 1 1 41]
 [0 1 0 0 5 1 1 96]
 [3 1 0 1 1 1 4 63]
 [3 1 0 0 5 1 1 41]
 [3 1 0 1 5 1 1 41]
 [10 1 0 1 5 0 1 97]
 [3 1 0 1 5 0 2 96]
 [11 1 0 3 5 1 2 92]
 [10 1 0 1 1 1 2 97]
 [11 1 0 0 5 0 0 63]
 [9 1 0 0 5 1 1 96]
 [3 1 0 1 1 1 4 40]
 [1 1 0 0 0 0 2 40]
 [11 1 0 1 0 1 4 96]
 [0 1 0 0 5 0 0 92]
 [11 1 0 0 5 0 2 63]
 [7 1 0 1 5 0 2 63]
 [0 1 0 1 0 1 2 92]
 [10 1 0 1 5 0 2 41]
 [11 1 0 0 5 0 2 56]
 [0 1 0 1 5 0 4 40]
 [0 1 0 1 1 0 0 92]
 [0 1 0 0 5 0 0 94]
 [11 1 0 0 0 0 2 40]
 [11 1 0 0 3 1 4 92]
 [11 1 0 0 6 1 4 56]
 [11 1 0 0 3 1 4 96]
 [0 1 0 3 1 1 2 92]
 [11 1 0 3 5 0 2 90]
 [1 1 0 1 5 1 2 92]
 [0 1 0 1 5 0 0 40]
 [1 1 0 0 1 1 0 92]
 [11 1 0 0 3 1 1 96]
 [11 1 0 0 5 0 4 63]
 [11 1 0 0 3 1 1 63]
 [0 1 0 1 5 1 2 92]
 [3 1 0 1 1 1 2 40]
 [10 1 0 1 1 1 1 96]
 [8 1 0 3 5 0 0 92]
 [10 1 0 0 5 0 1 56]
 [11 1 0 0 5 1 1 84]
 [7 1 0 1 5 0 0 95]
 [1 1 0 0 5 0 2 96]
 [0 1 0 1 5 1 4 96]
 [8 1 0 0 5 0 0 63]
 [9 1 0 1 1 0 0 92]
 [1 1 0 1 5 1 4 96]
 [0 1 0 1 5 0 1 94]
 [9 1 0 0 5 0 0 92]
 [0 1 0 0 5 0 4 63]
 [11 1 0 0 1 1 2 40]
 [6 1 0 1 5 0 0 29]
 [0 1 0 3 5 0 2 41]
 [10 1 0 1 5 0 1 63]
 [11 1 0 0 3 1 2 92]
 [10 1 0 1 5 0 2 40]
 [0 1 0 1 1 0 2 69]
 [10 1 0 1 5 0 1 56]
 [11 1 0 1 5 1 4 96]
 [0 1 0 0 1 1 1 96]
 [0 1 0 0 0 0 2 40]
 [1 1 0 1 0 1 0 95]
 [11 1 0 0 5 1 2 96]
 [7 1 0 1 5 0 0 92]
 [0 1 0 1 1 0 0 97]
 [8 1 0 1 5 1 2 97]
 [8 1 0 1 5 1 2 63]
 [1 1 0 0 5 1 1 63]
 [7 1 0 0 5 0 0 94]
 [9 1 0 1 5 1 4 56]
 [7 1 0 0 3 1 4 92]
 [0 1 0 3 5 1 2 63]
 [0 1 0 1 5 0 2 40]
 [0 1 0 1 0 1 0 95]
 [1 1 0 0 5 1 4 96]
 [9 1 0 0 5 1 1 41]
 [0 1 0 1 5 1 4 56]
 [3 1 0 1 1 0 2 56]
 [8 1 0 1 5 0 4 41]
 [7 1 0 1 5 1 2 84]
 [8 1 0 3 5 1 2 92]
 [7 1 0 2 5 0 0 92]
 [0 1 0 3 5 0 2 63]
 [8 1 0 0 5 1 1 41]
 [10 1 0 3 5 0 4 41]
 [10 1 0 3 5 0 2 41]
 [8 1 0 3 1 1 2 96]
 [1 1 0 1 5 0 4 41]
 [0 1 0 0 0 0 2 41]
 [11 1 0 1 1 0 2 56]
 [0 1 0 0 3 1 4 92]
 [3 1 0 1 1 0 0 92]
 [1 1 0 1 5 0 2 96]
 [7 1 0 0 5 0 2 40]
 [12 1 0 3 5 0 1 63]
 [11 1 0 1 5 1 2 92]
 [0 1 0 0 3 1 4 86]]
Objective functions results:
[[0.04166667 0.08333333 5.        ]
 [0.04166667 0.08333333 5.        ]
 [0.04166667 0.08333333 5.        ]
 [0.04166667 0.08333333 5.        ]
 [0.04166667 0.08333333 5.        ]
 [0.04166667 0.08333333 5.        ]
 [0.04166667 0.08333333 5.        ]
 [0.04166667 0.08333333 5.        ]
 [0.04166667 0.08333333 5.        ]
 [0.04166667 0.08333333 5.        ]
 [0.04166667 0.08333333 5.        ]
 [0.04166667 0.08333333 5.        ]
 [0.04166667 0.08333333 5.        ]
 [0.04166667 0.08333333 5.        ]
 [0.04166667 0.08333333 5.        ]
 [0.04166667 0.08333333 5.        ]
 [0.04166667 0.08333333 5.        ]
 [0.04166667 0.08333333 5.        ]
 [0.04166667 0.08333333 5.        ]
 [0.04166667 0.08333333 5.        ]
 [0.04166667 0.08333333 5.        ]
 [0.04166667 0.08333333 5.        ]
 [0.04166667 0.08333333 5.        ]
 [0.04166667 0.08333333 5.        ]
 [0.04166667 0.08333333 5.        ]
 [0.04166667 0.08333333 5.        ]
 [0.04166667 0.08333333 5.        ]
 [0.04166667 0.08333333 5.        ]
 [0.04166667 0.08333333 5.        ]
 [0.04166667 0.08333333 5.        ]
 [0.04166667 0.08333333 5.        ]
 [0.04166667 0.08333333 5.        ]
 [0.04166667 0.08333333 5.        ]
 [0.04166667 0.08333333 5.        ]
 [0.04166667 0.08333333 5.        ]
 [0.04166667 0.08333333 5.        ]
 [0.04166667 0.08333333 5.        ]
 [0.04166667 0.08333333 5.        ]
 [0.04166667 0.08333333 5.        ]
 [0.04166667 0.08333333 5.        ]
 [0.04166667 0.08333333 5.        ]
 [0.04166667 0.08333333 5.        ]
 [0.04166667 0.08333333 5.        ]
 [0.04166667 0.08333333 5.        ]
 [0.04166667 0.08333333 5.        ]
 [0.04166667 0.08333333 5.        ]
 [0.04166667 0.08333333 5.        ]
 [0.04166667 0.08333333 5.        ]
 [0.04166667 0.08333333 5.        ]
 [0.04166667 0.08333333 5.        ]
 [0.04166667 0.08333333 5.        ]
 [0.04166667 0.08333333 5.        ]
 [0.04166667 0.08333333 5.        ]
 [0.04166667 0.08333333 5.        ]
 [0.04166667 0.08333333 5.        ]
 [0.04166667 0.08333333 5.        ]
 [0.04166667 0.08333333 5.        ]
 [0.04166667 0.08333333 5.        ]
 [0.04166667 0.08333333 5.        ]
 [0.04166667 0.08333333 5.        ]
 [0.04166667 0.08333333 5.        ]
 [0.04166667 0.08333333 5.        ]
 [0.04166667 0.08333333 5.        ]
 [0.04166667 0.08333333 5.        ]
 [0.04166667 0.08333333 5.        ]
 [0.04166667 0.08333333 5.        ]
 [0.04166667 0.08333333 5.        ]
 [0.04166667 0.08333333 5.        ]
 [0.04166667 0.08333333 5.        ]
 [0.04166667 0.08333333 5.        ]
 [0.04166667 0.08333333 5.        ]
 [0.04166667 0.08333333 5.        ]
 [0.04166667 0.08333333 5.        ]
 [0.04166667 0.08333333 5.        ]
 [0.04166667 0.08333333 5.        ]
 [0.04166667 0.08333333 5.        ]
 [0.04166667 0.08333333 5.        ]
 [0.04166667 0.08333333 5.        ]
 [0.04166667 0.08333333 5.        ]
 [0.04166667 0.08333333 5.        ]
 [0.04166667 0.08333333 5.        ]
 [0.04166667 0.08333333 5.        ]
 [0.04166667 0.08333333 5.        ]
 [0.04166667 0.08333333 5.        ]
 [0.04166667 0.08333333 5.        ]
 [0.04166667 0.08333333 5.        ]
 [0.04166667 0.08333333 5.        ]
 [0.04166667 0.08333333 5.        ]
 [0.04166667 0.08333333 5.        ]
 [0.04166667 0.08333333 5.        ]
 [0.04166667 0.08333333 5.        ]
 [0.04166667 0.08333333 5.        ]
 [0.04166667 0.08333333 5.        ]
 [0.04166667 0.08333333 5.        ]
 [0.04166667 0.08333333 5.        ]
 [0.04166667 0.08333333 5.        ]
 [0.04166667 0.08333333 5.        ]
 [0.04166667 0.08333333 5.        ]
 [0.04166667 0.08333333 5.        ]
 [0.04166667 0.08333333 5.        ]]
mean Objective 1 : 0.041666666666666644mean Objective 2 : 0.0833333333333334mean Objective 3 : 5.0