Solutions:
[[6 0 44 1 6 1 5 32]
 [8 0 15 3 3 1 5 32]
 [7 4 58 1 6 1 3 16]
 [4 1 0 0 0 0 5 13]
 [4 1 0 0 3 1 4 1]
 [7 1 0 1 3 0 5 32]
 [0 1 1 0 3 1 4 7]
 [7 1 0 1 3 0 5 1]
 [7 1 23 3 3 1 4 7]
 [0 1 23 1 3 0 5 1]
 [8 2 23 3 6 1 5 63]
 [7 3 27 1 3 1 5 26]
 [8 2 23 3 3 1 5 32]
 [12 1 1 3 3 1 3 32]
 [12 1 1 3 3 1 4 7]
 [6 0 27 3 0 1 5 32]
 [8 0 66 3 3 1 5 32]
 [0 1 1 0 3 1 5 1]
 [7 1 27 1 4 1 5 32]
 [7 1 15 3 6 1 5 32]
 [0 1 23 3 3 1 4 7]
 [7 1 27 3 3 1 5 26]
 [6 2 15 3 3 1 5 32]
 [6 2 15 1 3 1 5 32]
 [0 1 1 1 3 0 5 1]
 [7 4 27 2 3 1 3 16]
 [11 1 23 0 3 1 4 1]
 [7 1 1 1 0 1 5 63]
 [12 1 1 3 3 1 5 13]
 [12 2 1 1 3 1 4 1]
 [7 4 27 3 3 1 3 32]
 [7 1 44 1 6 1 3 16]
 [7 1 27 3 3 1 5 7]
 [7 1 0 1 3 1 5 16]
 [7 1 23 3 3 0 5 7]
 [7 2 27 1 6 1 4 1]
 [7 0 15 3 3 1 5 32]
 [7 1 44 1 3 1 5 91]
 [4 1 0 1 0 1 5 7]
 [7 1 15 2 6 1 5 1]
 [7 1 0 0 0 0 5 13]
 [7 4 27 3 3 1 5 82]
 [7 4 15 3 3 1 5 32]
 [8 2 0 1 3 1 5 32]
 [7 0 44 1 3 1 5 32]
 [7 1 23 1 6 1 5 7]
 [7 4 58 1 3 1 5 1]
 [7 1 0 3 6 1 5 32]
 [7 4 44 1 3 1 4 1]
 [7 1 27 1 3 1 5 74]
 [7 1 23 3 0 1 5 74]
 [7 1 27 1 3 0 4 7]
 [7 2 27 2 6 1 5 74]
 [7 1 27 3 3 0 3 1]
 [7 1 87 1 6 1 4 32]
 [12 1 1 3 3 1 5 32]
 [0 1 23 0 3 1 5 1]
 [7 1 27 3 3 1 4 32]
 [7 1 27 3 0 1 5 32]
 [7 1 15 2 6 1 3 16]
 [7 4 23 3 3 1 5 32]
 [7 1 27 1 3 1 4 7]
 [7 1 27 1 4 1 4 1]
 [7 1 23 3 0 1 3 16]
 [7 0 44 1 0 1 4 1]
 [4 1 0 1 3 1 3 70]
 [7 2 27 1 3 0 5 1]
 [7 1 15 2 6 1 4 1]
 [7 4 27 3 6 1 5 1]
 [7 1 27 1 6 1 4 1]
 [7 1 0 1 3 0 4 6]
 [7 1 44 1 6 1 5 32]
 [7 2 0 1 3 0 5 1]
 [7 1 15 3 6 1 5 1]
 [7 1 58 1 6 1 5 32]
 [7 2 27 3 3 1 3 63]
 [7 1 1 3 3 1 5 32]
 [12 1 1 3 3 1 3 63]
 [4 1 0 0 0 1 5 32]
 [7 2 27 2 3 0 5 1]
 [7 2 27 2 3 0 4 6]
 [4 1 0 1 3 0 3 16]
 [7 2 27 1 6 1 5 74]
 [4 1 0 3 3 1 3 1]
 [7 1 27 3 3 1 4 7]
 [7 4 15 3 3 1 5 74]
 [7 1 0 0 3 1 5 32]
 [7 1 15 1 6 1 5 32]
 [7 1 1 1 0 1 5 1]
 [7 2 27 1 3 1 4 7]
 [7 2 23 0 3 1 4 1]
 [7 4 27 3 3 0 5 7]
 [12 2 1 1 3 1 5 1]
 [7 1 58 1 6 1 5 1]
 [7 2 0 1 3 1 5 1]
 [7 1 23 3 3 1 5 7]
 [4 1 0 3 3 1 5 1]
 [12 1 1 3 3 0 3 16]
 [7 0 44 1 0 1 5 32]
 [4 1 0 1 3 1 3 63]]
Objective functions results:
[[8.94973921e-03 6.72839506e-02 3.10000000e+01]
 [8.89046942e-03 7.09150327e-02 2.50000000e+01]
 [1.09577713e-02 5.56593008e-02 1.30000000e+01]
 [7.20720721e-02 5.15976761e-01 5.00000000e+00]
 [7.20720721e-02 5.15976761e-01 5.00000000e+00]
 [8.74316940e-02 5.09803922e-01 5.00000000e+00]
 [4.27927928e-02 3.49310094e-01 7.00000000e+00]
 [8.74316940e-02 5.09803922e-01 5.00000000e+00]
 [3.35395637e-02 1.94548190e-01 9.00000000e+00]
 [2.24632527e-02 2.24310094e-01 9.00000000e+00]
 [8.94973921e-03 7.09150327e-02 2.10000000e+01]
 [1.09577713e-02 5.56593008e-02 1.30000000e+01]
 [8.94973921e-03 7.09150327e-02 2.10000000e+01]
 [7.30462835e-02 3.43137255e-01 7.00000000e+00]
 [7.30462835e-02 3.43137255e-01 7.00000000e+00]
 [8.94973921e-03 6.72839506e-02 3.10000000e+01]
 [8.89046942e-03 7.09150327e-02 2.50000000e+01]
 [4.27927928e-02 3.49310094e-01 7.00000000e+00]
 [1.32100236e-02 6.95481896e-02 1.10000000e+01]
 [3.35395637e-02 1.94548190e-01 9.00000000e+00]
 [2.24632527e-02 2.24310094e-01 9.00000000e+00]
 [1.32100236e-02 6.95481896e-02 1.10000000e+01]
 [9.00900901e-03 6.72839506e-02 2.50000000e+01]
 [9.00900901e-03 6.72839506e-02 2.50000000e+01]
 [4.27927928e-02 3.49310094e-01 7.00000000e+00]
 [1.09577713e-02 5.56593008e-02 1.30000000e+01]
 [2.24632527e-02 2.24310094e-01 9.00000000e+00]
 [7.30462835e-02 3.43137255e-01 7.00000000e+00]
 [7.30462835e-02 3.43137255e-01 7.00000000e+00]
 [1.09577713e-02 5.56593008e-02 1.30000000e+01]
 [1.09577713e-02 5.56593008e-02 1.30000000e+01]
 [1.09577713e-02 5.56593008e-02 1.30000000e+01]
 [1.32100236e-02 6.95481896e-02 1.10000000e+01]
 [8.74316940e-02 5.09803922e-01 5.00000000e+00]
 [3.35395637e-02 1.94548190e-01 9.00000000e+00]
 [1.09577713e-02 5.56593008e-02 1.30000000e+01]
 [1.09577713e-02 5.56593008e-02 1.30000000e+01]
 [1.09577713e-02 5.56593008e-02 1.30000000e+01]
 [7.20720721e-02 5.15976761e-01 5.00000000e+00]
 [3.35395637e-02 1.94548190e-01 9.00000000e+00]
 [8.74316940e-02 5.09803922e-01 5.00000000e+00]
 [1.09577713e-02 5.56593008e-02 1.30000000e+01]
 [1.09577713e-02 5.56593008e-02 1.30000000e+01]
 [8.89046942e-03 7.09150327e-02 2.50000000e+01]
 [1.09577713e-02 5.56593008e-02 1.30000000e+01]
 [3.35395637e-02 1.94548190e-01 9.00000000e+00]
 [1.09577713e-02 5.56593008e-02 1.30000000e+01]
 [8.74316940e-02 5.09803922e-01 5.00000000e+00]
 [1.09577713e-02 5.56593008e-02 1.30000000e+01]
 [1.32100236e-02 6.95481896e-02 1.10000000e+01]
 [3.35395637e-02 1.94548190e-01 9.00000000e+00]
 [1.32100236e-02 6.95481896e-02 1.10000000e+01]
 [1.09577713e-02 5.56593008e-02 1.30000000e+01]
 [1.32100236e-02 6.95481896e-02 1.10000000e+01]
 [1.09577713e-02 5.56593008e-02 1.30000000e+01]
 [7.30462835e-02 3.43137255e-01 7.00000000e+00]
 [2.24632527e-02 2.24310094e-01 9.00000000e+00]
 [1.32100236e-02 6.95481896e-02 1.10000000e+01]
 [1.32100236e-02 6.95481896e-02 1.10000000e+01]
 [3.35395637e-02 1.94548190e-01 9.00000000e+00]
 [1.09577713e-02 5.56593008e-02 1.30000000e+01]
 [1.32100236e-02 6.95481896e-02 1.10000000e+01]
 [1.32100236e-02 6.95481896e-02 1.10000000e+01]
 [3.35395637e-02 1.94548190e-01 9.00000000e+00]
 [1.09577713e-02 5.56593008e-02 1.30000000e+01]
 [7.20720721e-02 5.15976761e-01 5.00000000e+00]
 [1.09577713e-02 5.56593008e-02 1.30000000e+01]
 [3.35395637e-02 1.94548190e-01 9.00000000e+00]
 [1.09577713e-02 5.56593008e-02 1.30000000e+01]
 [1.32100236e-02 6.95481896e-02 1.10000000e+01]
 [8.74316940e-02 5.09803922e-01 5.00000000e+00]
 [1.09577713e-02 5.56593008e-02 1.30000000e+01]
 [1.09577713e-02 5.56593008e-02 1.30000000e+01]
 [3.35395637e-02 1.94548190e-01 9.00000000e+00]
 [1.09577713e-02 5.56593008e-02 1.30000000e+01]
 [1.09577713e-02 5.56593008e-02 1.30000000e+01]
 [7.30462835e-02 3.43137255e-01 7.00000000e+00]
 [7.30462835e-02 3.43137255e-01 7.00000000e+00]
 [7.20720721e-02 5.15976761e-01 5.00000000e+00]
 [1.09577713e-02 5.56593008e-02 1.30000000e+01]
 [1.09577713e-02 5.56593008e-02 1.30000000e+01]
 [7.20720721e-02 5.15976761e-01 5.00000000e+00]
 [1.09577713e-02 5.56593008e-02 1.30000000e+01]
 [7.20720721e-02 5.15976761e-01 5.00000000e+00]
 [1.32100236e-02 6.95481896e-02 1.10000000e+01]
 [1.09577713e-02 5.56593008e-02 1.30000000e+01]
 [8.74316940e-02 5.09803922e-01 5.00000000e+00]
 [3.35395637e-02 1.94548190e-01 9.00000000e+00]
 [7.30462835e-02 3.43137255e-01 7.00000000e+00]
 [1.09577713e-02 5.56593008e-02 1.30000000e+01]
 [1.09577713e-02 5.56593008e-02 1.30000000e+01]
 [1.09577713e-02 5.56593008e-02 1.30000000e+01]
 [1.09577713e-02 5.56593008e-02 1.30000000e+01]
 [1.09577713e-02 5.56593008e-02 1.30000000e+01]
 [1.09577713e-02 5.56593008e-02 1.30000000e+01]
 [3.35395637e-02 1.94548190e-01 9.00000000e+00]
 [7.20720721e-02 5.15976761e-01 5.00000000e+00]
 [7.30462835e-02 3.43137255e-01 7.00000000e+00]
 [1.09577713e-02 5.56593008e-02 1.30000000e+01]
 [7.20720721e-02 5.15976761e-01 5.00000000e+00]]
mean Objective 1 : 0.03161323874421738mean Objective 2 : 0.18986767299512392mean Objective 3 : 11.24