Solutions:
[[12 1 5 2 5 1 4 1]
 [6 1 30 3 1 0 5 24]
 [1 1 5 2 6 0 5 10]
 [6 1 30 3 1 1 5 24]
 [11 2 40 3 1 1 5 24]
 [4 1 0 0 5 0 5 1]
 [7 1 41 0 5 0 5 10]
 [4 1 4 1 5 1 5 10]
 [12 1 30 2 1 0 5 1]
 [1 1 30 2 5 1 5 3]
 [4 1 0 0 4 0 5 1]
 [4 1 78 0 5 0 5 10]
 [11 2 40 3 1 0 5 24]
 [4 1 21 1 4 0 5 10]
 [4 1 2 0 5 1 4 1]
 [12 1 30 2 5 0 5 2]
 [11 1 30 2 4 0 4 1]
 [1 0 30 2 5 1 5 2]
 [1 1 30 2 2 1 4 1]
 [7 1 41 0 5 0 4 1]
 [4 1 41 0 6 0 5 7]
 [1 1 86 2 4 0 5 3]
 [1 0 5 2 2 0 5 1]
 [1 1 5 2 6 1 4 1]
 [4 1 4 1 5 1 5 1]
 [11 1 30 2 5 0 5 3]
 [4 1 78 0 5 1 5 3]
 [12 1 5 2 2 0 5 10]
 [4 3 0 0 3 0 5 1]
 [4 1 41 0 3 1 5 3]
 [4 3 21 0 2 0 5 1]
 [1 1 30 2 6 0 5 2]
 [11 1 41 2 6 0 5 10]
 [11 1 30 2 5 1 5 7]
 [4 1 41 0 5 1 5 7]
 [4 1 0 0 4 0 5 10]
 [1 1 30 2 5 0 5 2]
 [4 1 78 0 3 0 5 10]
 [11 1 41 2 5 0 5 1]
 [7 1 41 0 4 0 5 2]
 [4 1 78 0 3 1 5 3]
 [1 0 30 2 5 0 5 10]
 [4 1 0 0 5 1 5 7]
 [7 1 41 0 5 0 5 2]
 [12 1 5 2 5 0 5 1]
 [1 1 41 2 2 0 4 1]
 [4 1 0 0 5 0 5 10]
 [12 1 5 2 6 0 5 7]
 [1 1 5 2 2 0 5 10]
 [1 1 30 2 6 1 5 7]
 [12 1 30 2 3 1 5 7]
 [12 1 30 2 6 0 5 7]
 [4 1 2 0 3 0 5 7]
 [1 1 5 2 3 1 5 7]
 [4 1 41 0 5 0 5 2]
 [12 1 30 2 5 1 5 10]
 [1 1 5 2 3 0 5 2]
 [1 1 41 2 5 0 5 1]
 [1 1 5 2 6 0 5 7]
 [7 1 41 0 5 1 5 7]
 [1 1 30 2 2 0 5 7]
 [7 1 41 0 5 1 5 10]
 [4 3 41 0 5 0 5 10]
 [1 1 41 2 5 0 5 2]
 [4 1 0 0 3 0 5 1]
 [4 1 0 0 4 0 4 1]
 [11 1 5 2 6 0 5 2]
 [4 1 21 0 4 1 5 3]
 [1 1 86 2 5 1 5 3]
 [7 1 41 0 5 0 5 3]
 [7 1 41 0 3 0 5 1]
 [1 1 5 2 3 0 5 10]
 [4 1 78 0 5 1 4 1]
 [1 1 41 2 1 0 5 2]
 [4 1 21 1 4 0 5 7]
 [1 0 30 2 5 1 5 7]
 [12 1 30 2 4 0 5 1]
 [4 1 2 0 4 0 5 2]
 [1 1 41 2 2 0 5 1]
 [4 3 0 0 5 0 5 2]
 [12 1 30 2 4 0 5 10]
 [7 1 41 0 5 0 5 1]
 [11 1 41 2 1 0 5 2]
 [7 1 41 0 5 1 5 1]
 [1 0 30 2 5 0 5 7]
 [1 0 30 2 5 1 5 10]
 [1 1 5 2 6 0 5 2]
 [1 0 30 2 4 0 5 1]
 [12 1 5 2 5 0 5 2]
 [4 3 0 0 4 1 5 10]
 [1 1 5 2 3 0 5 1]
 [1 0 5 2 4 1 5 7]
 [4 1 78 0 4 0 5 10]
 [1 0 30 2 5 1 5 1]
 [4 1 4 0 5 1 4 1]
 [12 1 30 2 3 0 5 2]
 [1 1 41 2 2 0 5 2]
 [12 1 5 2 2 0 5 1]
 [1 1 5 2 2 1 4 1]
 [11 1 30 2 5 0 5 2]]
Objective functions results:
[[ 0.1875817   0.31774043  5.        ]
 [ 0.11988796  0.17068161 18.33333333]
 [ 0.1875817   0.31774043  5.        ]
 [ 0.11988796  0.17068161 18.33333333]
 [ 0.12681295  0.18422035 10.33333333]
 [ 0.1482104   0.29159664  7.        ]
 [ 0.17077498  0.2414099   7.66666667]
 [ 0.13498288  0.21223156  8.33333333]
 [ 0.18229069  0.2859944   5.66666667]
 [ 0.17567694  0.24631186  6.33333333]
 [ 0.1482104   0.29159664  7.        ]
 [ 0.13233738  0.19635854  9.66666667]
 [ 0.12681295  0.18422035 10.33333333]
 [ 0.13233738  0.19635854  9.66666667]
 [ 0.13498288  0.21223156  8.33333333]
 [ 0.18229069  0.2859944   5.66666667]
 [ 0.17303143  0.23043884  7.66666667]
 [ 0.17303143  0.23043884  7.66666667]
 [ 0.17567694  0.24631186  6.33333333]
 [ 0.17077498  0.2414099   7.66666667]
 [ 0.13233738  0.19635854  9.66666667]
 [ 0.17303143  0.23043884  7.66666667]
 [ 0.17303143  0.23043884  7.66666667]
 [ 0.1875817   0.31774043  5.        ]
 [ 0.13498288  0.21223156  8.33333333]
 [ 0.17303143  0.23043884  7.66666667]
 [ 0.13233738  0.19635854  9.66666667]
 [ 0.1875817   0.31774043  5.        ]
 [ 0.13233738  0.19635854  9.66666667]
 [ 0.13233738  0.19635854  9.66666667]
 [ 0.13233738  0.19635854  9.66666667]
 [ 0.17567694  0.24631186  6.33333333]
 [ 0.17303143  0.23043884  7.66666667]
 [ 0.17303143  0.23043884  7.66666667]
 [ 0.13233738  0.19635854  9.66666667]
 [ 0.1482104   0.29159664  7.        ]
 [ 0.17567694  0.24631186  6.33333333]
 [ 0.13233738  0.19635854  9.66666667]
 [ 0.17303143  0.23043884  7.66666667]
 [ 0.17077498  0.2414099   7.66666667]
 [ 0.13233738  0.19635854  9.66666667]
 [ 0.17303143  0.23043884  7.66666667]
 [ 0.1482104   0.29159664  7.        ]
 [ 0.17077498  0.2414099   7.66666667]
 [ 0.1875817   0.31774043  5.        ]
 [ 0.17303143  0.23043884  7.66666667]
 [ 0.1482104   0.29159664  7.        ]
 [ 0.1875817   0.31774043  5.        ]
 [ 0.1875817   0.31774043  5.        ]
 [ 0.17567694  0.24631186  6.33333333]
 [ 0.18229069  0.2859944   5.66666667]
 [ 0.18229069  0.2859944   5.66666667]
 [ 0.13498288  0.21223156  8.33333333]
 [ 0.1875817   0.31774043  5.        ]
 [ 0.13233738  0.19635854  9.66666667]
 [ 0.18229069  0.2859944   5.66666667]
 [ 0.1875817   0.31774043  5.        ]
 [ 0.17303143  0.23043884  7.66666667]
 [ 0.1875817   0.31774043  5.        ]
 [ 0.17077498  0.2414099   7.66666667]
 [ 0.17567694  0.24631186  6.33333333]
 [ 0.17077498  0.2414099   7.66666667]
 [ 0.13233738  0.19635854  9.66666667]
 [ 0.17303143  0.23043884  7.66666667]
 [ 0.1482104   0.29159664  7.        ]
 [ 0.1482104   0.29159664  7.        ]
 [ 0.17567694  0.24631186  6.33333333]
 [ 0.13233738  0.19635854  9.66666667]
 [ 0.17303143  0.23043884  7.66666667]
 [ 0.17077498  0.2414099   7.66666667]
 [ 0.17077498  0.2414099   7.66666667]
 [ 0.1875817   0.31774043  5.        ]
 [ 0.13233738  0.19635854  9.66666667]
 [ 0.17303143  0.23043884  7.66666667]
 [ 0.13233738  0.19635854  9.66666667]
 [ 0.17303143  0.23043884  7.66666667]
 [ 0.18229069  0.2859944   5.66666667]
 [ 0.13498288  0.21223156  8.33333333]
 [ 0.17303143  0.23043884  7.66666667]
 [ 0.13233738  0.19635854  9.66666667]
 [ 0.18229069  0.2859944   5.66666667]
 [ 0.17077498  0.2414099   7.66666667]
 [ 0.17303143  0.23043884  7.66666667]
 [ 0.17077498  0.2414099   7.66666667]
 [ 0.17303143  0.23043884  7.66666667]
 [ 0.17303143  0.23043884  7.66666667]
 [ 0.1875817   0.31774043  5.        ]
 [ 0.17303143  0.23043884  7.66666667]
 [ 0.1875817   0.31774043  5.        ]
 [ 0.13233738  0.19635854  9.66666667]
 [ 0.1875817   0.31774043  5.        ]
 [ 0.17303143  0.23043884  7.66666667]
 [ 0.13233738  0.19635854  9.66666667]
 [ 0.17303143  0.23043884  7.66666667]
 [ 0.13498288  0.21223156  8.33333333]
 [ 0.18229069  0.2859944   5.66666667]
 [ 0.17303143  0.23043884  7.66666667]
 [ 0.1875817   0.31774043  5.        ]
 [ 0.1875817   0.31774043  5.        ]
 [ 0.17303143  0.23043884  7.66666667]]
Mean number of nodes:
0.2459943977591037
Mean f1:
0.16272720199190782
