Solutions:
[[1 1 5 2 6 0 4 1]
 [6 2 17 3 1 1 5 24]
 [6 2 5 3 5 0 5 24]
 [6 2 5 3 3 0 5 24]
 [1 1 5 2 1 1 4 1]
 [1 1 5 2 1 1 4 7]
 [1 1 5 2 1 0 4 7]
 [3 1 68 1 5 0 4 51]
 [4 1 5 0 6 0 4 7]
 [11 2 17 3 1 1 5 24]
 [4 1 15 1 6 0 4 7]
 [6 2 17 3 3 1 5 24]
 [6 1 87 3 0 0 5 23]
 [6 1 45 3 1 1 5 23]
 [6 2 28 3 1 0 5 21]
 [6 3 17 3 5 1 5 24]
 [6 1 87 3 0 1 5 21]
 [11 2 5 3 1 1 5 24]
 [11 2 17 3 1 0 5 24]
 [6 2 97 3 6 1 5 23]
 [3 1 68 1 1 1 4 51]
 [4 1 5 1 6 0 4 1]
 [4 1 5 1 6 0 4 7]
 [11 1 86 3 5 0 5 24]
 [11 1 33 3 1 1 5 24]
 [4 1 33 0 3 0 4 23]
 [4 1 5 1 0 1 4 23]
 [3 1 68 1 1 0 4 88]
 [6 1 45 3 1 0 5 23]
 [6 2 17 3 0 1 5 21]
 [11 1 5 3 5 0 5 24]
 [6 2 28 3 0 1 5 21]
 [11 1 86 2 4 0 4 21]
 [6 2 22 3 1 0 5 23]
 [6 2 33 3 1 0 5 21]
 [6 1 87 3 0 1 5 23]
 [4 1 33 0 3 0 4 21]
 [6 2 28 3 1 0 5 23]
 [4 3 33 0 3 1 4 21]
 [6 2 97 3 1 1 5 23]
 [4 1 5 1 0 0 4 23]
 [11 1 86 2 4 0 4 23]
 [6 2 33 3 3 0 5 23]
 [11 0 17 3 1 0 5 24]
 [6 2 22 3 1 1 5 24]
 [6 2 17 3 1 1 5 23]
 [6 2 22 3 1 0 5 24]
 [4 1 15 1 6 1 4 7]
 [6 3 17 3 3 0 5 23]
 [6 2 28 3 0 1 5 23]
 [4 3 33 0 0 0 4 21]
 [6 3 22 3 1 1 5 21]
 [6 2 33 3 0 1 5 21]
 [11 3 22 3 3 1 5 24]
 [6 3 17 3 4 0 5 24]
 [11 1 86 3 1 0 5 24]
 [6 3 17 3 1 0 5 21]
 [7 3 33 1 3 1 2 98]
 [6 2 17 3 3 1 5 23]
 [6 3 17 3 3 0 5 21]
 [11 1 86 2 4 0 5 23]
 [6 1 87 3 1 1 5 21]
 [6 3 22 3 1 0 5 23]
 [6 3 22 3 3 1 5 23]
 [6 2 22 3 1 1 5 23]
 [6 3 22 3 6 0 5 21]
 [6 3 33 3 1 1 5 24]
 [11 1 5 3 1 1 5 24]
 [7 3 33 1 3 1 2 88]
 [6 2 17 3 1 1 5 21]
 [3 1 68 1 1 1 4 88]
 [6 3 22 3 6 0 5 24]
 [6 3 17 3 5 0 5 23]
 [11 1 86 2 1 1 5 23]
 [11 1 86 2 1 0 4 21]
 [11 3 22 3 1 0 5 24]
 [11 1 86 2 1 0 4 23]
 [4 1 5 1 0 0 4 1]
 [6 3 22 3 0 1 5 24]
 [6 2 33 3 3 1 5 23]
 [6 3 22 3 5 0 5 24]
 [6 3 22 3 1 0 5 24]
 [6 2 33 3 6 1 5 23]
 [6 2 17 3 5 0 5 23]
 [6 3 17 3 1 1 5 23]
 [11 1 86 2 1 1 4 21]
 [6 2 33 3 1 0 5 23]
 [6 3 17 3 6 1 5 24]
 [6 2 17 3 1 0 5 24]
 [6 2 33 3 0 1 5 23]
 [6 3 22 3 3 0 5 24]
 [4 1 5 1 6 1 4 7]
 [4 1 5 0 6 1 4 7]
 [6 1 45 3 0 1 5 23]
 [6 2 17 3 0 0 5 23]
 [11 1 5 3 3 0 5 24]
 [6 2 17 3 1 0 5 23]
 [6 2 28 3 0 0 5 23]
 [4 1 5 1 6 1 4 21]
 [6 2 17 3 3 0 5 21]]
Objective functions results:
[[2.08017848e-01 4.36857347e-01 3.66666667e+00]
 [1.44623327e-01 3.32147278e-01 1.45000000e+02]
 [1.44815699e-01 3.31600914e-01 1.63000000e+02]
 [1.44815699e-01 3.31600914e-01 1.63000000e+02]
 [2.08017848e-01 4.36857347e-01 3.66666667e+00]
 [1.87709725e-01 4.16549224e-01 5.00000000e+00]
 [1.87709725e-01 4.16549224e-01 5.00000000e+00]
 [1.71948015e-01 3.56092481e-01 5.36666667e+01]
 [1.67171029e-01 3.96602183e-01 5.66666667e+00]
 [1.54107636e-01 3.55277897e-01 1.02333333e+02]
 [1.64390735e-01 3.92644870e-01 7.66666667e+00]
 [1.44623327e-01 3.32147278e-01 1.45000000e+02]
 [1.51610448e-01 3.68890321e-01 8.76666667e+01]
 [1.54127291e-01 3.82509045e-01 2.76666667e+01]
 [1.49688686e-01 3.44320945e-01 1.25666667e+02]
 [1.53523580e-01 3.70044789e-01 4.10000000e+01]
 [1.52349034e-01 3.74425916e-01 8.43333333e+01]
 [1.52677668e-01 3.36846184e-01 1.17000000e+02]
 [1.54107636e-01 3.55277897e-01 1.02333333e+02]
 [1.53470651e-01 3.67879292e-01 7.10000000e+01]
 [1.71948015e-01 3.56092481e-01 5.36666667e+01]
 [1.64451122e-01 3.78199405e-01 7.00000000e+00]
 [1.67171029e-01 3.96602183e-01 5.66666667e+00]
 [1.54158005e-01 3.41778782e-01 6.36666667e+01]
 [1.57161906e-01 3.67221320e-01 2.16666667e+01]
 [1.58956699e-01 3.66342787e-01 1.70000000e+01]
 [1.60978899e-01 3.73246382e-01 8.33333333e+00]
 [1.71489365e-01 3.55709515e-01 5.90000000e+01]
 [1.54127291e-01 3.82509045e-01 2.76666667e+01]
 [1.45978358e-01 3.38550929e-01 1.40333333e+02]
 [1.56547921e-01 3.69044701e-01 9.66666667e+00]
 [1.49688686e-01 3.44320945e-01 1.25666667e+02]
 [1.68536723e-01 3.60339587e-01 6.10000000e+01]
 [1.47752999e-01 3.36717335e-01 1.35666667e+02]
 [1.49707307e-01 3.62405436e-01 1.21666667e+02]
 [1.51610448e-01 3.68890321e-01 8.76666667e+01]
 [1.58956699e-01 3.66342787e-01 1.70000000e+01]
 [1.48660748e-01 3.38402384e-01 1.29666667e+02]
 [1.58530039e-01 3.65311333e-01 2.36666667e+01]
 [1.53470651e-01 3.67879292e-01 7.10000000e+01]
 [1.60978899e-01 3.73246382e-01 8.33333333e+00]
 [1.68259952e-01 3.59931090e-01 6.16666667e+01]
 [1.48679369e-01 3.56486875e-01 1.25666667e+02]
 [1.52677668e-01 3.36846184e-01 1.17000000e+02]
 [1.46847202e-01 3.35415252e-01 1.37666667e+02]
 [1.45529124e-01 3.33449361e-01 1.43666667e+02]
 [1.46847202e-01 3.35415252e-01 1.37666667e+02]
 [1.64390735e-01 3.92644870e-01 7.66666667e+00]
 [1.52855735e-01 3.71454102e-01 3.70000000e+01]
 [1.48660748e-01 3.38402384e-01 1.29666667e+02]
 [1.58530039e-01 3.65311333e-01 2.36666667e+01]
 [1.55138559e-01 3.77382411e-01 2.90000000e+01]
 [1.49707307e-01 3.62405436e-01 1.21666667e+02]
 [1.55543057e-01 3.63249154e-01 3.63333333e+01]
 [1.53523580e-01 3.70044789e-01 4.10000000e+01]
 [1.54158005e-01 3.41778782e-01 6.36666667e+01]
 [1.53440189e-01 3.74956962e-01 3.50000000e+01]
 [1.58765972e-01 3.61782213e-01 5.63333333e+01]
 [1.45529124e-01 3.33449361e-01 1.43666667e+02]
 [1.53440189e-01 3.74956962e-01 3.50000000e+01]
 [1.68452960e-01 3.57173273e-01 6.30000000e+01]
 [1.52349034e-01 3.74425916e-01 8.43333333e+01]
 [1.54617007e-01 3.73981676e-01 3.16666667e+01]
 [1.54617007e-01 3.73981676e-01 3.16666667e+01]
 [1.47752999e-01 3.36717335e-01 1.35666667e+02]
 [1.55138559e-01 3.77382411e-01 2.90000000e+01]
 [1.55528555e-01 3.77893032e-01 2.16666667e+01]
 [1.56547921e-01 3.69044701e-01 9.66666667e+00]
 [1.58765972e-01 3.61782213e-01 5.63333333e+01]
 [1.45978358e-01 3.38550929e-01 1.40333333e+02]
 [1.71489365e-01 3.55709515e-01 5.90000000e+01]
 [1.54857115e-01 3.71985148e-01 3.63333333e+01]
 [1.52855735e-01 3.71454102e-01 3.70000000e+01]
 [1.68452960e-01 3.57173273e-01 6.30000000e+01]
 [1.68536723e-01 3.60339587e-01 6.10000000e+01]
 [1.55543057e-01 3.63249154e-01 3.63333333e+01]
 [1.68259952e-01 3.59931090e-01 6.16666667e+01]
 [1.64451122e-01 3.78199405e-01 7.00000000e+00]
 [1.54857115e-01 3.71985148e-01 3.63333333e+01]
 [1.48679369e-01 3.56486875e-01 1.25666667e+02]
 [1.54857115e-01 3.71985148e-01 3.63333333e+01]
 [1.54857115e-01 3.71985148e-01 3.63333333e+01]
 [1.48679369e-01 3.56486875e-01 1.25666667e+02]
 [1.45529124e-01 3.33449361e-01 1.43666667e+02]
 [1.52855735e-01 3.71454102e-01 3.70000000e+01]
 [1.68536723e-01 3.60339587e-01 6.10000000e+01]
 [1.48679369e-01 3.56486875e-01 1.25666667e+02]
 [1.53523580e-01 3.70044789e-01 4.10000000e+01]
 [1.44623327e-01 3.32147278e-01 1.45000000e+02]
 [1.48679369e-01 3.56486875e-01 1.25666667e+02]
 [1.54857115e-01 3.71985148e-01 3.63333333e+01]
 [1.67171029e-01 3.96602183e-01 5.66666667e+00]
 [1.67171029e-01 3.96602183e-01 5.66666667e+00]
 [1.54127291e-01 3.82509045e-01 2.76666667e+01]
 [1.45529124e-01 3.33449361e-01 1.43666667e+02]
 [1.56547921e-01 3.69044701e-01 9.66666667e+00]
 [1.45529124e-01 3.33449361e-01 1.43666667e+02]
 [1.48660748e-01 3.38402384e-01 1.29666667e+02]
 [1.60978899e-01 3.73246382e-01 8.33333333e+00]
 [1.45978358e-01 3.38550929e-01 1.40333333e+02]]
Mean number of nodes:
0.3633179163395156
Mean f1:
0.15697993524639384
